hole_id,tg_th,tg_ph,tg_p,tg_vz,sieve_r,gem_r,r_prime,gem_ph,phi_prime
62,0.0124448,-1.20233,2199.97,-4499.86,56.7639,974.171,0.0600467,5.23314,0.00501726
62,0.0128118,-1.18472,2199.96,-4499.9,59.4172,961.511,0.0596035,5.22049,0.00542798
62,0.011961,-1.18629,2199.97,-4499.94,56.8637,974.437,0.0614503,5.22753,0.00521242
62,0.0125182,-1.21845,2199.97,-4499.94,57.2699,973.611,0.0620298,5.21412,0.00434507
62,0.0119058,-1.18845,2199.97,-4499.97,57.3922,973.574,0.0606022,5.16156,0.00372044
62,0.0125212,-1.26147,2199.97,-4499.96,57.635,973.031,0.0584895,5.13531,0.00558868
62,0.0121633,-1.24748,2199.97,-4499.86,56.6232,975.271,0.0608087,5.22899,0.00509728
62,0.0131539,-1.19317,2199.96,-4499.87,59.2882,961.82,0.0591824,5.23741,0.00517016
62,0.0132014,-1.19995,2199.96,-4499.77,59.6906,960.871,0.0596535,5.21512,0.0046306
62,0.0127493,-1.16637,2199.96,-4499.82,57.4237,973.263,0.0607303,5.1939,0.00465286
62,0.013167,-1.21079,2199.96,-4499.84,58.8191,967.095,0.0599888,5.19954,0.00517937
62,0.0129207,-1.21426,2199.96,-4499.85,57.2793,974.443,0.061149,5.20068,0.00443696
62,0.0127981,-1.21431,2199.96,-4499.87,57.2605,972.538,0.060985,5.25319,0.00514658
62,0.0125652,-1.19047,2199.97,-4499.8,58.7423,964.095,0.0596102,5.21115,0.00528176
62,0.0126847,-1.31262,2199.97,-4499.99,59.6237,961.314,0.0595899,5.20513,0.00436579
62,0.0125299,-1.17781,2199.97,-4499.9,58.2053,971.005,0.0607797,5.14397,0.00355682
62,0.0125431,-1.28177,2199.97,-4499.75,57.7157,974.186,0.0606541,5.13889,0.00364942
62,0.0126515,-1.17654,2199.97,-4499.94,57.5437,970.481,0.060938,5.24133,0.00570288
62,0.0124215,-1.1394,2199.97,-4499.87,58.1753,965.788,0.0604344,5.24226,0.0052387
62,0.0126501,-1.14541,2199.97,-4499.82,57.3834,970.941,0.0611649,5.23923,0.00558634
62,0.0129001,-1.20068,2199.97,-4499.9,57.964,983.016,0.0610687,5.20122,0.00493273
62,0.0135461,-1.22036,2199.96,-4499.86,59.1263,966.751,0.0608508,5.18766,0.00426303
62,0.0131767,-1.22941,2199.96,-4499.95,58.136,971.752,0.0613002,5.17959,0.00464799
62,0.0130119,-1.17561,2199.96,-4499.94,58.6001,968.195,0.0600851,5.16852,0.00482109
62,0.0123546,-1.10603,2199.97,-4499.93,57.5759,972.453,0.0610878,5.17874,0.004344
62,0.0122818,-1.25749,2199.97,-4499.92,58.6849,965.908,0.0604125,5.19647,0.00487252
62,0.0123531,-1.27483,2199.97,-4499.78,56.8219,977.94,0.0618034,5.14941,0.00334337
62,0.0127032,-1.21251,2199.96,-4499.75,57.7475,971.833,0.0611263,5.19621,0.00506066
62,0.0129001,-1.1548,2199.96,-4499.86,59.4813,960.584,0.0595398,5.23189,0.00539036
62,0.01344,-1.1837,2199.96,-4499.83,58.4319,971.728,0.0606483,5.15486,0.00392793
62,0.0134188,-1.252,2199.96,-4499.78,58.2674,970.261,0.0609704,5.20717,0.00490759
62,0.0133054,-1.25811,2199.96,-4499.83,59.2709,963.91,0.060928,5.2255,0.00460692
62,0.0130247,-1.21997,2199.96,-4499.83,59.2249,967.126,0.0609617,5.15249,0.00492666
62,0.0122657,-1.22534,2199.97,-4499.91,57.4194,969.109,0.0608949,5.27186,0.00605042
62,0.0132266,-1.19044,2199.96,-4499.77,59.3826,964.701,0.0604837,5.18385,0.00384602
62,0.0128152,-1.25481,2199.96,-4499.88,58.8356,968.108,0.0601115,5.14108,0.00391404
62,0.0126625,-1.24268,2199.96,-4499.9,58.3,970.315,0.0613702,5.10948,0.0029957
62,0.0123622,-1.28236,2199.97,-4499.85,59.4653,961.881,0.0600153,5.18952,0.00498252
62,0.0121817,-1.18648,2199.97,-4499.78,57.0214,976.788,0.0621056,5.15913,0.00326803
62,0.0131303,-1.16295,2199.96,-4499.97,57.1996,973.142,0.0617216,5.23361,0.00567662
62,0.0124511,-1.25335,2199.97,-4499.85,58.1746,971.512,0.0612724,5.14616,0.00419398
62,0.0133961,-1.12367,2199.96,-4499.97,58.0789,968.901,0.0612359,5.23438,0.00508406
62,0.011762,-1.22383,2199.97,-4499.94,57.5422,972.029,0.0612001,5.17935,0.00394642
62,0.0128936,-1.22736,2199.96,-4499.79,58.3978,970.107,0.0607512,5.17022,0.0037067
62,0.0128861,-1.25374,2199.96,-4499.91,56.5655,980.711,0.062047,5.16258,0.00391817
62,0.0127092,-1.18591,2199.96,-4499.85,57.5794,969.671,0.0606128,5.23562,0.0053092
62,0.0116819,-1.25221,2199.97,-4499.86,56.4615,974.325,0.0613121,5.22789,0.00449928
62,0.0118858,-1.28824,2199.97,-4499.99,58.7168,965.751,0.0603252,5.18358,0.00321801
62,0.0131244,-1.1828,2199.96,-4499.77,58.7139,969.611,0.0609267,5.15559,0.00295022
62,0.0126422,-1.24057,2199.97,-4499.86,58.3173,969.03,0.061109,5.1872,0.00361878
62,0.0119653,-1.20625,2199.97,-4499.78,56.9226,972.256,0.0616982,5.24871,0.00595266
62,0.0125238,-1.15601,2199.97,-4499.85,57.4993,970.416,0.0605771,5.21606,0.00464313
62,0.0124268,-1.15452,2199.97,-4499.99,58.3499,963.319,0.0595829,5.26151,0.00568153
62,0.0123082,-1.22241,2199.97,-4499.9,57.7695,969.468,0.060767,5.2144,0.00419711
62,0.0124173,-1.27971,2199.97,-4499.76,58.8709,961.928,0.0600287,5.26067,0.00525811
62,0.0124956,-1.18011,2199.97,-4499.96,57.7338,969.689,0.0624055,5.24742,0.00686243
62,0.0128331,-1.16382,2199.96,-4499.98,57.7146,972.123,0.0611217,5.21733,0.00480437
62,0.012932,-1.24187,2199.96,-4499.77,59.3609,959.745,0.0594914,5.26408,0.00611237
62,0.0123308,-1.24571,2199.97,-4499.79,57.6482,974.138,0.0619586,5.15707,0.00411933
62,0.0128384,-1.23163,2199.96,-4499.85,58.3977,970.981,0.0613757,5.1423,0.00369161
62,0.0119289,-1.19663,2199.97,-4499.94,57.6539,969.467,0.0611862,5.21226,0.00530662
62,0.0126309,-1.16659,2199.97,-4499.89,56.877,974.781,0.0617543,5.22979,0.00465899
62,0.0127433,-1.19607,2199.97,-4499.87,57.2544,973.749,0.0611199,5.20729,0.00441643
62,0.0128048,-1.16194,2199.97,-4499.77,56.6764,976.661,0.0612217,5.22038,0.00400139
62,0.0123982,-1.23214,2199.97,-4499.91,57.2863,973.565,0.0605867,5.19138,0.00321695
62,0.0129831,-1.13183,2199.96,-4499.82,58.5679,968.991,0.0610385,5.16696,0.00430727
62,0.0117973,-1.20636,2199.97,-4499.81,58.5726,964.637,0.0597139,5.19001,0.00529129
62,0.0128581,-1.21677,2199.96,-4499.98,59.1982,964.095,0.05965,5.19029,0.0047272
62,0.0124624,-1.19777,2199.97,-4499.8,57.5584,970.846,0.0610744,5.22549,0.00539048
62,0.0124482,-1.14978,2199.97,-4499.87,58.4625,963.461,0.0606038,5.26777,0.00603604
62,0.0115952,-1.26813,2199.97,-4499.83,57.73,971.532,0.0615022,5.16113,0.0043665
62,0.0107522,-1.28901,2199.97,-4499.94,56.6634,975.321,0.0616845,5.17193,0.00341254
62,0.0131244,-1.22185,2199.96,-4499.77,59.3531,963.942,0.0601999,5.1952,0.00376065
62,0.0127439,-1.1835,2199.96,-4499.8,58.9465,962.629,0.0596152,5.23382,0.00536364
62,0.0125835,-1.2748,2199.97,-4500,59.7718,958.877,0.0597134,5.23551,0.00533827
62,0.0132151,-1.19039,2199.96,-4499.85,59.5214,961.934,0.0599684,5.21528,0.00465415
62,0.0127783,-1.26651,2199.96,-4499.85,59.0563,966.609,0.0604377,5.16895,0.00437041
62,0.0132022,-1.17634,2199.96,-4499.78,58.1117,967.709,0.0604787,5.25322,0.00518269
62,0.0130548,-1.17869,2199.96,-4499.94,57.7732,969.465,0.0614046,5.2588,0.00476835
62,0.0128625,-1.20816,2199.96,-4499.84,58.4921,966.439,0.0605381,5.21873,0.00415506
62,0.0128873,-1.22244,2199.97,-4499.76,57.8151,974.043,0.0608308,5.14875,0.00402465
62,0.0116451,-1.21752,2199.97,-4499.92,57.8369,967.063,0.0604625,5.218,0.00395594
62,0.0131288,-1.2043,2199.96,-4499.88,59.2497,962.941,0.0608695,5.23637,0.00530146
62,0.0124031,-1.23838,2199.97,-4499.92,57.9722,969.466,0.0603118,5.19148,0.00492878
62,0.0127833,-1.15824,2199.97,-4499.84,58.8652,964.84,0.059878,5.19906,0.00431191
62,0.0125867,-1.17791,2199.97,-4499.77,58.7933,961.643,0.059694,5.26357,0.0052379
62,0.0116247,-1.21646,2199.97,-4499.99,56.9377,972.036,0.0610643,5.23286,0.00547587
62,0.012349,-1.17698,2199.97,-4499.85,56.9158,973.418,0.0615305,5.24227,0.00503408
62,0.012894,-1.19943,2199.96,-4499.95,58.0559,983.457,0.0601972,5.20728,0.00420361
62,0.0127434,-1.16981,2199.96,-4499.75,57.0178,979.26,0.062429,5.13935,0.00313428
62,0.0127472,-1.21504,2199.93,-4499.91,59.1246,963.412,0.0604747,5.21656,0.0049045
62,0.0125662,-1.22324,2199.97,-4499.99,57.1197,974.886,0.062084,5.21464,0.00530156
62,0.0128477,-1.20127,2199.96,-4499.99,57.6897,971.91,0.06092,5.20548,0.00492458
62,0.0118141,-1.22832,2199.97,-4499.88,58.5952,965.132,0.0603488,5.1924,0.00393224
62,0.0128011,-1.25714,2199.96,-4499.79,59.381,964.043,0.0599401,5.175,0.00426408
62,0.0130686,-1.23455,2199.96,-4499.98,58.2462,972.531,0.0606315,5.13431,0.00323267
62,0.0133356,-1.26522,2199.96,-4499.82,58.2072,974.089,0.061869,5.1442,0.00386418
62,0.0129768,-1.26045,2199.96,-4499.82,57.977,972.816,0.061462,5.17213,0.00484956
62,0.0123227,-1.227,2199.97,-4499.79,57.8479,972.823,0.0603201,5.12937,0.00292719
62,0.0121018,-1.18237,2199.97,-4499.82,58.9414,962.772,0.0598936,5.2087,0.00428643
62,0.0128048,-1.22628,2199.96,-4499.87,58.0093,973.109,0.0602563,5.11996,0.0026386
62,0.0131146,-1.13539,2199.96,-4499.98,59.7836,960.593,0.0603859,5.22208,0.0051264
62,0.0127923,-1.19862,2199.96,-4499.77,57.5243,973.789,0.0622034,5.19539,0.00348889
62,0.0116446,-1.18325,2199.97,-4499.95,56.5483,974.446,0.0611311,5.21535,0.00448165
62,0.0133145,-1.17182,2199.96,-4499.87,59.6997,964.319,0.0610244,5.18273,0.00417786
62,0.012123,-1.21275,2199.97,-4499.8,58.0237,970.98,0.0613894,5.1587,0.00430145
62,0.0118841,-1.16745,2199.97,-4499.85,57.3455,968.887,0.0608314,5.24181,0.00492909
62,0.0131781,-1.2511,2199.96,-4499.82,58.4631,971.907,0.0615037,5.15199,0.00387185
62,0.0127087,-1.22697,2199.96,-4499.92,58.6733,967.525,0.0607338,5.18941,0.00426279
62,0.0126803,-1.19531,2199.96,-4499.93,57.8805,972.203,0.059969,5.14571,0.00349237
62,0.0120707,-1.2151,2199.97,-4499.88,57.2505,973.383,0.0603567,5.17883,0.00448572
62,0.0134109,-1.14382,2199.96,-4499.93,58.8142,963.344,0.0599429,5.25192,0.00574577
62,0.0122542,-1.1937,2199.97,-4499.84,57.3267,971.549,0.0602305,5.20935,0.00554255
62,0.0126551,-1.25042,2199.97,-4499.78,57.5924,976.115,0.0616915,5.13832,0.00370963
62,0.0125056,-1.20358,2199.96,-4499.83,58.174,971.088,0.0613369,5.15944,0.00380544
62,0.0124681,-1.22375,2199.97,-4499.87,57.3436,976.152,0.0620929,5.13658,0.00301917
62,0.0132889,-1.1802,2199.96,-4499.96,58.9178,962.764,0.0609391,5.26292,0.00505917
62,0.0127176,-1.19758,2199.97,-4499.96,57.8249,971.183,0.0617136,5.19762,0.00533323
62,0.01237,-1.22104,2199.97,-4499.91,58.5243,968.704,0.0606596,5.15709,0.00318106
62,0.0118668,-1.20867,2199.97,-4499.75,56.9229,977.069,0.0620185,5.1478,0.00433902
62,0.0128016,-1.18916,2199.96,-4499.76,58.9537,963.932,0.059739,5.20849,0.00468183
62,0.0124435,-1.17746,2199.97,-4499.93,57.4826,975.006,0.0613423,5.14003,0.00421801
62,0.0122414,-1.24038,2199.97,-4499.89,56.9049,976.018,0.0597954,5.16219,0.00437414
62,0.0126782,-1.17838,2199.97,-4499.91,59.442,959.962,0.0598504,5.24251,0.00565353
62,0.0124417,-1.1834,2199.97,-4499.98,57.1002,972.362,0.0605391,5.24712,0.00545448
62,0.0124511,-1.25065,2199.97,-4499.81,59.1128,965.352,0.0592766,5.15959,0.00468051
62,0.0119922,-1.15561,2199.97,-4499.97,57.2266,969.595,0.0601603,5.24232,0.00465514
62,0.0126313,-1.25167,2199.97,-4499.75,57.0179,974.369,0.0611403,5.22445,0.00507274
62,0.0126154,-1.20617,2199.97,-4499.8,58.7614,967.173,0.0607409,5.17422,0.00401281
62,0.0130067,-1.21832,2199.96,-4499.98,58.7305,968.488,0.0606232,5.17208,0.00413242
62,0.0127639,-1.2601,2199.96,-4499.77,57.9555,973.773,0.0610722,5.12609,0.00340133
62,0.0117162,-1.2731,2199.97,-4499.99,56.8604,977.092,0.0619463,5.15732,0.00295734
62,0.0124397,-1.1923,2199.97,-4499.76,58.6053,966.857,0.0605012,5.18424,0.00374013
62,0.0121082,-1.21235,2199.97,-4499.8,56.8687,973.899,0.0611166,5.21454,0.00504015
62,0.0126697,-1.20131,2199.97,-4499.78,57.7147,972.791,0.0600171,5.26185,0.00640639
62,0.0134261,-1.20211,2199.96,-4499.84,59.8822,959.952,0.0595786,5.23014,0.00425244
62,0.0127179,-1.21753,2199.97,-4499.77,56.8753,974.888,0.0608907,5.22868,0.0055847
62,0.0123937,-1.21211,2199.97,-4499.77,57.1543,972.311,0.0615444,5.2368,0.00465483
62,0.0125262,-1.26411,2199.97,-4499.96,57.8922,972.798,0.0608338,5.15004,0.00339102
62,0.012398,-1.17303,2199.97,-4499.85,58.4237,964.542,0.0601671,5.23541,0.00473958
62,0.0129598,-1.19092,2199.96,-4499.96,59.8208,959.181,0.0594339,5.22612,0.00540942
62,0.0125975,-1.06909,2199.97,-4499.87,58.8224,962.447,0.0607729,5.2462,0.00473218
62,0.0128006,-1.1927,2199.96,-4499.98,58.7703,961.408,0.0593895,5.2686,0.00433077
62,0.0114215,-1.21745,2199.97,-4499.87,57.4816,968.237,0.0612616,5.24212,0.00558534
62,0.0125921,-1.25609,2199.96,-4499.87,56.3865,979.363,0.0609783,5.19037,0.00420587
62,0.0126888,-1.23473,2199.97,-4499.88,58.2207,972.266,0.0617002,5.13895,0.00336593
62,0.0134213,-1.27123,2199.96,-4499.76,59.4466,963.656,0.0596831,5.18549,0.00434606
62,0.0125713,-1.2415,2199.97,-4499.91,58.886,966.824,0.0593396,5.16066,0.00460716
62,0.0121206,-1.22004,2199.97,-4499.82,58.1658,971.113,0.0603579,5.12345,0.00329271
62,0.0135373,-1.1949,2199.96,-4499.84,59.7615,960.308,0.0602867,5.24678,0.00577725
62,0.0139176,-1.17162,2199.96,-4499.88,58.6754,974.775,0.0602963,5.12323,0.00303727
62,0.0119248,-1.20186,2199.97,-4499.78,57.3326,969.452,0.0603143,5.23359,0.00482945
62,0.0127798,-1.2329,2199.96,-4499.79,57.2979,976.691,0.0610942,5.1479,0.00357449
62,0.0123239,-1.24488,2199.97,-4499.79,56.9017,978.042,0.0612727,5.1604,0.00354548
62,0.0123898,-1.20376,2199.97,-4499.87,57.3809,973.835,0.0614175,5.18706,0.00431985
62,0.0131058,-1.28757,2199.96,-4499.88,58.8417,969.431,0.0611824,5.15869,0.00374115
62,0.0126634,-1.19724,2199.97,-4499.89,58.5236,963.87,0.059818,5.25412,0.00539756
62,0.0132069,-1.26445,2199.96,-4499.94,59.4881,963.51,0.0599162,5.20043,0.00365714
62,0.0125774,-1.17963,2199.97,-4499.79,56.595,976.597,0.0608763,5.21633,0.00501366
62,0.0130212,-1.13324,2199.96,-4499.83,58.2112,971.14,0.0613161,5.17287,0.00439281
62,0.0129343,-1.19885,2199.96,-4499.93,59.501,960.912,0.059614,5.22314,0.00473346
62,0.0128192,-1.21343,2199.96,-4499.83,59.2535,964.099,0.0598308,5.18413,0.0049701
62,0.0128834,-1.22338,2199.96,-4499.99,58.0323,972.729,0.0611754,5.15016,0.00359342
62,0.013266,-1.18689,2199.96,-4499.86,59.6213,961.759,0.0600048,5.22342,0.0046053
62,0.0123782,-1.22009,2199.97,-4499.91,58.3489,966.599,0.06062,5.22277,0.00439777
62,0.0123634,-1.21564,2199.97,-4499.81,57.8901,967.327,0.0610597,5.25412,0.00508903
62,0.0126575,-1.19566,2199.97,-4499.81,58.9695,961.87,0.0592699,5.25458,0.00568324
62,0.0130892,-1.23003,2199.96,-4499.8,59.2246,966.664,0.0607625,5.17847,0.00421995
62,0.0126049,-1.20975,2199.85,-4499.75,59.1891,964.41,0.0604666,5.18211,0.00436878
62,0.012607,-1.23542,2199.96,-4499.8,56.9903,977.106,0.0614453,5.1708,0.00424204
62,0.0127805,-1.19053,2199.96,-4499.87,59.5298,963.471,0.0612371,5.18315,0.00408813
62,0.0131658,-1.23475,2199.96,-4499.77,57.6252,973.136,0.0614432,5.21764,0.00473814
62,0.0122529,-1.22995,2199.97,-4499.78,57.0984,976.775,0.062014,5.15373,0.0028376
62,0.0131192,-1.22294,2199.96,-4499.78,59.6945,962.38,0.0597203,5.19344,0.00512877
62,0.0126131,-1.23162,2199.97,-4499.75,57.9846,972.345,0.0612384,5.15774,0.00378919
62,0.0129253,-1.16568,2199.96,-4499.83,59.1759,962.558,0.0595234,5.21978,0.00520375
62,0.013029,-1.19195,2199.96,-4499.84,58.4391,967.543,0.0600267,5.21303,0.00527441
62,0.0125877,-1.18151,2199.97,-4499.77,58.4564,964.726,0.0597622,5.23621,0.0050672
62,0.0130234,-1.21889,2199.96,-4499.95,59.2508,962.466,0.0606014,5.23409,0.00548129
62,0.0118573,-1.16447,2199.97,-4499.98,57.2022,970.663,0.0608168,5.24183,0.00512086
62,0.0118201,-1.20364,2199.97,-4499.75,57.0699,972.727,0.0619508,5.21067,0.00473848
62,0.0129587,-1.22958,2199.96,-4499.85,58.9835,966.165,0.0614403,5.19185,0.00396467
62,0.0129439,-1.17838,2199.96,-4499.9,57.8021,972.45,0.0611022,5.1928,0.00407239
62,0.0122328,-1.20441,2199.97,-4499.93,58.2734,969.08,0.0607286,5.17281,0.00384343
62,0.0127363,-1.15846,2199.96,-4499.82,59.5988,958.811,0.0597528,5.23908,0.00525082
62,0.0125325,-1.24178,2199.97,-4499.95,57.8956,971.334,0.0606343,5.17168,0.00458697
62,0.0130938,-1.20911,2199.96,-4499.78,58.3117,969.543,0.0616679,5.20377,0.00512411
62,0.0118001,-1.1792,2199.97,-4499.8,58.0096,962.793,0.0600138,5.28342,0.00616916
62,0.0124318,-1.24247,2199.97,-4499.98,57.0811,977.12,0.0613624,5.15609,0.00482615
62,0.0125325,-1.19164,2199.97,-4499.89,58.7382,963.47,0.059944,5.22674,0.00552482
62,0.0123471,-1.20417,2199.97,-4499.98,57.3237,972.461,0.0618321,5.23145,0.0058257
62,0.0124367,-1.20084,2199.97,-4499.88,57.0167,975.765,0.0615414,5.18499,0.0047145
62,0.0125849,-1.18903,2199.97,-4499.9,59.0138,961.509,0.0602176,5.25344,0.00507284
62,0.0118538,-1.18576,2199.97,-4499.9,57.6341,969.092,0.0601308,5.21093,0.00420936
62,0.0131878,-1.26763,2199.96,-4499.97,57.2526,976.229,0.0621838,5.2208,0.00555348
62,0.0120343,-1.21285,2199.97,-4500,59.3845,961.213,0.0602234,5.20867,0.00427861
62,0.0131872,-1.22735,2199.96,-4499.82,58.8573,966.922,0.0609067,5.19764,0.00497902
62,0.0130585,-1.18653,2199.96,-4499.91,59.427,962.33,0.0601961,5.21874,0.00452231
62,0.0130922,-1.24404,2199.96,-4499.81,58.5446,971.207,0.0613298,5.15685,0.00407715
62,0.0127691,-1.22396,2199.97,-4499.89,58.1376,972.807,0.0615042,5.13626,0.00347754
62,0.0126639,-1.22747,2199.97,-4499.86,58.3041,972.182,0.0611697,5.13166,0.00364749
62,0.0125721,-1.16545,2199.97,-4499.78,57.9317,966.88,0.0610543,5.26821,0.00594568
62,0.0131179,-1.23708,2199.96,-4499.76,59.332,962.469,0.0606399,5.23555,0.00487747
62,0.0129806,-1.13254,2199.96,-4499.89,57.469,974.816,0.0615969,5.18101,0.00398767
62,0.0121508,-1.15845,2199.97,-4499.77,57.2913,972.487,0.0618834,5.20469,0.00452229
62,0.012846,-1.23489,2199.96,-4499.94,57.238,971.111,0.061291,5.27662,0.00601782
62,0.0124951,-1.22078,2199.97,-4499.93,57.986,968.989,0.0602625,5.20914,0.00468515
62,0.0120144,-1.20884,2199.97,-4499.8,56.5656,975.479,0.0611984,5.21577,0.0046342
62,0.0125215,-1.15425,2199.97,-4499.88,58.2639,964.681,0.0605131,5.26045,0.0061491
62,0.0127626,-1.27856,2199.96,-4499.91,56.8358,978.884,0.061317,5.16545,0.00343086
62,0.0131704,-1.17702,2199.96,-4499.98,59.2593,960.983,0.0601468,5.2634,0.00494803
62,0.0125968,-1.18599,2199.97,-4499.8,57.118,978.106,0.0622096,5.12608,0.00354787
62,0.0131357,-1.20753,2199.96,-4499.75,57.9195,969.989,0.0605344,5.22925,0.00451106
62,0.0123873,-1.14559,2199.97,-4499.97,57.5803,971.503,0.0610297,5.19882,0.00406623
62,0.0123196,-1.17499,2199.97,-4499.83,56.7036,976.416,0.0627044,5.21627,0.00437248
62,0.0124331,-1.1844,2199.97,-4499.77,57.8125,970.586,0.0612325,5.20304,0.00440895
62,0.0122919,-1.22383,2199.97,-4499.9,57.9739,972.247,0.0615067,5.15913,0.00395863
62,0.0130308,-1.20287,2199.96,-4499.78,59.0856,962.219,0.0611442,5.26138,0.00651011
62,0.0131451,-1.18881,2199.96,-4499.99,58.7412,964.263,0.0604131,5.25841,0.00512377
62,0.0126069,-1.1865,2199.97,-4499.81,57.7939,972.544,0.0610579,5.175,0.00430139
62,0.0130721,-1.25008,2199.96,-4499.93,59.6015,960.468,0.0601555,5.23054,0.00501903
62,0.0126558,-1.17765,2199.97,-4500,56.9632,987.07,0.0615299,5.16128,0.00442113
62,0.0119636,-1.13316,2199.97,-4499.93,56.7998,975.481,0.0616152,5.18306,0.00434971
62,0.0125532,-1.16168,2199.95,-4499.84,59.1589,960.996,0.0599312,5.23854,0.00519434
62,0.0124974,-1.21552,2199.96,-4499.78,57.0273,977.587,0.0619756,5.15543,0.00438573
62,0.0132872,-1.15308,2199.96,-4499.85,58.9516,964.664,0.0605429,5.23082,0.00459412
62,0.0123572,-1.1984,2199.97,-4499.88,57.0033,973.153,0.0611384,5.25101,0.00480491
62,0.0130172,-1.21138,2199.96,-4499.83,58.5656,967.249,0.0587672,5.1922,0.00397659
62,0.012876,-1.21424,2199.96,-4499.87,58.5675,964.5,0.0601561,5.25135,0.00489388
62,0.0126272,-1.22173,2199.97,-4499.85,57.9792,972.542,0.0602239,5.14238,0.00357674
62,0.0118618,-1.20197,2199.97,-4499.96,58.4033,967.422,0.0610969,5.18355,0.00410014
62,0.0134705,-1.19517,2199.96,-4499.98,59.7331,962.355,0.0597858,5.18939,0.0044301
62,0.0124557,-1.2171,2199.97,-4499.77,58.5549,966.905,0.0596987,5.18105,0.00396134
62,0.012588,-1.20648,2199.97,-4499.77,58.2401,965.328,0.0599164,5.25782,0.00596709
62,0.0138611,-1.23527,2199.96,-4499.97,58.5145,967.547,0.0604845,5.26449,0.00540727
62,0.0126596,-1.16631,2199.97,-4499.98,57.7404,966.94,0.0607619,5.26891,0.00555485
62,0.0124171,-1.23283,2199.97,-4499.88,57.7911,974.323,0.0612364,5.12698,0.0032171
62,0.0131634,-1.20449,2199.96,-4499.96,57.3215,974.695,0.0617041,5.20948,0.00419851
62,0.012405,-1.21707,2199.97,-4499.79,57.8426,969.014,0.0610711,5.23217,0.00556137
62,0.0135672,-1.17408,2199.96,-4499.83,58.9775,965.384,0.0597699,5.20814,0.0050173
62,0.0123513,-1.19337,2199.97,-4499.98,58.3671,964.834,0.0600227,5.23652,0.00496137
62,0.0127491,-1.18775,2199.96,-4499.96,58.6353,967.46,0.0602208,5.17281,0.00435127
62,0.0130052,-1.13827,2199.96,-4499.91,57.2486,972.919,0.0611887,5.23688,0.0038197
62,0.0122117,-1.23183,2199.97,-4499.99,58.9606,964.025,0.0603766,5.19878,0.00489162
62,0.0131875,-1.17861,2199.96,-4499.92,59.4041,960.546,0.0596852,5.25688,0.00583799
62,0.0122149,-1.20697,2199.97,-4499.77,57.9842,971.193,0.0610178,5.15907,0.00371355
62,0.0129261,-1.13565,2199.96,-4499.93,57.5596,971.188,0.0605659,5.22979,0.00512774
62,0.0126747,-1.25154,2199.97,-4499.91,57.4327,976.902,0.0626789,5.15094,0.00406696
62,0.0137063,-1.12803,2199.96,-4499.96,58.4293,969.211,0.0606814,5.20309,0.0039279
62,0.0133698,-1.3313,2199.96,-4499.84,58.1362,972.527,0.0616415,5.18249,0.00424025
62,0.0120959,-1.23271,2199.97,-4499.96,57.3574,973.858,0.0616651,5.17523,0.0044197
62,0.0129623,-1.25083,2199.96,-4499.83,58.3192,971.253,0.0608165,5.15528,0.0045612
62,0.012202,-1.25968,2199.97,-4499.87,56.5534,976.279,0.0616642,5.22806,0.0051315
62,0.0124579,-1.22509,2199.97,-4499.75,57.1945,977.075,0.0618724,5.14719,0.00379275
62,0.0124053,-1.39027,2199.97,-4499.85,58.6274,966.219,0.0605895,5.19675,0.00500268
62,0.0120245,-1.24815,2199.97,-4499.81,56.8845,977.342,0.0621379,5.16659,0.00350298
62,0.0124895,-1.22784,2199.97,-4499.82,58.8602,967.865,0.0604663,5.14178,0.00395498
62,0.0124418,-1.19776,2199.97,-4499.82,57.3395,975.421,0.0611815,5.14836,0.00416874
62,0.0126358,-1.18427,2199.97,-4499.89,58.2385,966.312,0.0609731,5.24779,0.00532455
62,0.0127015,-1.21701,2199.96,-4499.85,58.6236,963.899,0.0601979,5.24197,0.00424577
62,0.0134735,-1.2511,2199.96,-4499.8,58.618,966.977,0.0602119,5.22835,0.00432023
62,0.0127234,-1.23509,2199.96,-4499.93,57.9119,973.173,0.0605857,5.1483,0.00348694
62,0.0117562,-1.19979,2199.97,-4499.82,58.0429,968.64,0.0605546,5.17522,0.00418414
62,0.0130935,-1.17022,2199.96,-4499.78,58.5161,966.727,0.0612222,5.23518,0.00552107
62,0.0128385,-1.25541,2199.96,-4499.94,58.5747,967.044,0.0616457,5.20769,0.0050775
62,0.0125365,-1.2722,2199.97,-4499.75,57.4819,975.342,0.0616789,5.15735,0.00420141
62,0.0121161,-1.16696,2199.97,-4499.94,57.4943,973.375,0.0618574,5.16652,0.00375952
62,0.0128858,-1.21006,2199.96,-4500,56.7248,979.802,0.0616241,5.15291,0.00450629
62,0.0133547,-1.21579,2199.96,-4499.97,58.0625,974.693,0.0614817,5.12056,0.00364725
62,0.012649,-1.30717,2199.97,-4499.75,58.3822,970.059,0.0604906,5.16006,0.00396827
62,0.0129645,-1.22652,2199.96,-4499.88,57.1271,977.832,0.0611548,5.15093,0.00382475
62,0.0123405,-1.24998,2199.97,-4499.77,56.6864,979.167,0.0629053,5.16443,0.00338067
62,0.0129237,-1.15629,2199.96,-4499.89,58.379,964.722,0.0602047,5.26706,0.00544415
62,0.0124344,-1.22899,2199.97,-4499.8,58.1477,970.563,0.0603976,5.16473,0.00343697
62,0.0130303,-1.21445,2199.96,-4499.93,58.3576,965.182,0.0602951,5.26652,0.00587015
62,0.012461,-1.23407,2199.97,-4499.98,59.7423,959.269,0.0594682,5.1936,0.00462239
62,0.0118825,-1.22836,2199.97,-4499.9,58.6692,965.282,0.0599297,5.18178,0.00496023
62,0.0120851,-1.16808,2199.97,-4499.89,57.0484,975.534,0.0624732,5.18167,0.00322121
62,0.0123004,-1.2224,2199.97,-4499.75,57.8329,978.677,0.0613218,5.15671,0.00407885
62,0.0133808,-1.17454,2199.96,-4499.87,59.2048,961.635,0.0606489,5.2618,0.00565012
62,0.0127474,-1.2153,2199.97,-4499.92,57.4799,974.258,0.0613387,5.19157,0.00479595
62,0.012535,-1.2082,2199.97,-4499.99,57.146,973.179,0.0610375,5.24829,0.00448747
62,0.0125279,-1.1682,2199.97,-4499.92,57.1758,972.974,0.0613724,5.21798,0.00507773
62,0.0135157,-1.24705,2199.96,-4499.87,59.2819,968.171,0.0609663,5.16363,0.00366089
62,0.0128567,-1.26064,2199.96,-4499.81,57.7117,975.476,0.0615005,5.14288,0.00335284
62,0.0119597,-1.19016,2199.97,-4499.93,57.0806,976.825,0.0617244,5.12954,0.00340818
62,0.0129547,-1.21969,2199.96,-4499.93,58.0001,969.949,0.0609064,5.21567,0.00543396
62,0.0125191,-1.18185,2199.97,-4499.84,56.5712,977.44,0.0622737,5.21211,0.00493377
62,0.0126274,-1.16137,2199.97,-4499.92,57.4972,972.232,0.0613193,5.20913,0.00460873
62,0.0127283,-1.17311,2199.96,-4499.93,57.5699,971.746,0.0613084,5.21994,0.00433994
62,0.0126919,-1.15474,2199.97,-4499.91,57.7904,968.916,0.061272,5.24407,0.00464707
62,0.0121889,-1.17427,2199.97,-4499.87,57.9442,965.34,0.0598839,5.26582,0.00542
62,0.0129021,-1.23232,2199.96,-4499.86,58.1613,972.046,0.0617834,5.16149,0.00301236
62,0.0121682,-1.19136,2199.97,-4499.75,57.5698,971.28,0.0625318,5.21463,0.00443181
62,0.0127561,-1.23177,2199.96,-4499.99,58.2113,968.434,0.0601974,5.20124,0.00506793
62,0.0123343,-1.20018,2199.97,-4499.93,58.7515,963.361,0.0599426,5.2327,0.00460601
62,0.0124758,-1.18883,2199.97,-4499.75,58.4345,962.779,0.0603971,5.28202,0.0052225
62,0.013581,-1.15653,2199.96,-4499.99,56.5971,980.524,0.0624898,5.19024,0.00402973
62,0.0124295,-1.20865,2199.97,-4499.89,57.6878,968.544,0.0604008,5.27292,0.00562669
62,0.012765,-1.22238,2199.96,-4499.83,58.0393,973.854,0.06143,5.1268,0.00348001
62,0.0124118,-1.20776,2199.97,-4499.81,59.6798,958.852,0.0585671,5.21065,0.00554632
62,0.0122298,-1.21054,2199.97,-4499.97,56.8895,975.859,0.0608497,5.21079,0.00471934
62,0.0125367,-1.16827,2199.97,-4499.83,57.1161,972.505,0.0611027,5.24751,0.00557183
62,0.0124702,-1.19095,2199.97,-4499.93,57.1903,970.944,0.0611842,5.25825,0.00547053
62,0.0122554,-1.20056,2199.97,-4499.96,56.9722,976.815,0.0611026,5.15586,0.0038572
62,0.0122022,-1.19777,2199.97,-4499.78,57.1873,972.686,0.0603535,5.20466,0.00432729
62,0.0126852,-1.22499,2199.97,-4499.9,58.4898,964.336,0.0594485,5.23445,0.00477552
62,0.0118095,-1.20986,2199.97,-4499.88,56.7058,973.619,0.0613723,5.23476,0.00447787
62,0.0127515,-1.20049,2199.97,-4499.95,59.5398,959.698,0.0600989,5.24361,0.0052479
62,0.0126656,-1.27314,2199.97,-4499.98,58.5771,964.572,0.0604356,5.2457,0.00505904
62,0.0122623,-1.19613,2199.97,-4499.88,57.9196,972.391,0.0614029,5.14968,0.00351736
62,0.0130797,-1.21457,2199.96,-4499.92,59.0301,961.699,0.0596743,5.26229,0.00540821
62,0.0130244,-1.24668,2199.96,-4500,58.9227,965.096,0.0597344,5.19986,0.00436585
62,0.0125126,-1.18581,2199.97,-4499.81,57.9617,969.779,0.0609241,5.20398,0.00538058
62,0.0131426,-1.27341,2199.96,-4499.83,58.501,971.736,0.0611245,5.15634,0.00383531
62,0.0120798,-1.2408,2199.97,-4499.94,56.7991,975.524,0.0601672,5.18399,0.0035382
62,0.0125513,-1.23206,2199.97,-4499.86,58.715,966.95,0.0599211,5.17292,0.00495341
62,0.012801,-1.23836,2199.96,-4499.78,58.7703,965.57,0.0610309,5.22137,0.00484413
62,0.0123226,-1.21928,2199.97,-4499.93,57.949,971.788,0.0613585,5.17486,0.00359468
62,0.012525,-1.25128,2199.97,-4499.89,58.6985,967.886,0.0596305,5.15707,0.00393258
62,0.0122045,-1.1631,2199.97,-4499.98,59.0028,965.075,0.0604969,5.17546,0.00439782
62,0.0123326,-1.23464,2199.97,-4499.76,58.8764,967.322,0.0607751,5.14633,0.00353454
62,0.0131043,-1.1933,2199.96,-4499.96,59.4207,962.746,0.0590387,5.19903,0.00413142
62,0.0128378,-1.25375,2199.96,-4499.79,58.9995,964.918,0.0602899,5.1982,0.00505283
62,0.0122233,-1.20868,2199.97,-4499.99,56.3851,979.636,0.0619,5.1841,0.00387024
62,0.0121242,-1.25594,2199.97,-4499.77,56.6579,976.365,0.0615878,5.2052,0.00489339
62,0.0132381,-1.19898,2199.96,-4499.92,59.5742,963.201,0.061205,5.21246,0.00408827
62,0.0126438,-1.32101,2199.97,-4499.83,58.0092,973.419,0.0611459,5.14549,0.00342196
62,0.0131364,-1.18966,2199.96,-4499.91,58.1629,965.777,0.0601119,5.2737,0.0065045
62,0.0129226,-1.15671,2199.96,-4499.78,57.8381,970.786,0.061306,5.21612,0.00483205
62,0.0109293,-1.30621,2199.97,-4499.97,59.0901,959.637,0.0591492,5.20022,0.00504819
62,0.0126309,-1.24857,2199.97,-4499.83,59.019,966.196,0.0599683,5.16856,0.00416242
62,0.012205,-1.28936,2199.97,-4499.99,58.8248,962.976,0.0603767,5.22346,0.00613434
62,0.0119534,-1.2307,2199.97,-4499.79,56.9249,974.458,0.0612019,5.19905,0.00467147
62,0.0125579,-1.25872,2199.97,-4500,57.1861,976.971,0.0618743,5.1568,0.00389752
62,0.0129432,-1.19611,2199.96,-4499.77,58.2264,971.747,0.060728,5.15361,0.00359961
62,0.0119769,-1.19714,2199.97,-4499.9,58.617,960.878,0.0597673,5.28403,0.00662903
62,0.0118921,-1.2034,2199.97,-4499.78,57.4458,970.095,0.0608191,5.21427,0.00529576
62,0.0127635,-1.18019,2199.97,-4499.76,57.2132,972.082,0.0603771,5.2472,0.00567235
62,0.0125941,-1.19745,2199.97,-4499.91,57.6495,971.913,0.0608922,5.19161,0.00408169
62,0.0124482,-1.22649,2199.97,-4500,58.0387,971.306,0.0606916,5.14514,0.00413229
62,0.0127722,-1.14094,2199.96,-4499.81,58.4988,967.505,0.0618312,5.20858,0.00466524
62,0.0127979,-1.14455,2199.96,-4499.85,58.0812,966.522,0.0609523,5.26228,0.00560528
62,0.0123082,-1.22832,2199.97,-4499.76,56.9913,973.189,0.0622177,5.24687,0.00455776
62,0.0129348,-1.17674,2199.96,-4499.89,58.9606,961.587,0.059745,5.26795,0.00620707
62,0.0127477,-1.26269,2199.96,-4499.87,57.9909,971.91,0.0610272,5.17222,0.00397424
62,0.0131728,-1.18158,2199.96,-4499.9,58.1756,972.575,0.0612812,5.14189,0.00347813
62,0.0128942,-1.1948,2199.96,-4499.79,58.9572,964.484,0.0607844,5.22132,0.00394414
62,0.0127421,-1.21158,2199.97,-4499.83,59.6562,961.029,0.0601832,5.20704,0.00459179
62,0.0124877,-1.32656,2199.97,-4499.97,57.364,975.425,0.0609606,5.15544,0.00358134
62,0.0124155,-1.2337,2199.97,-4499.78,59.3386,962.093,0.0599372,5.20453,0.00458913
62,0.0126031,-1.16857,2199.97,-4499.78,57.5547,973.77,0.0613734,5.17138,0.00414905
62,0.0128194,-1.29213,2199.96,-4499.84,57.5678,974.368,0.0610218,5.17441,0.00404638
62,0.0120917,-1.27369,2199.97,-4499.99,57.0658,974.714,0.0609706,5.17211,0.00473849
62,0.0129979,-1.21565,2199.96,-4499.97,58.866,966.775,0.0603022,5.17251,0.00366854
62,0.0127946,-1.20937,2199.96,-4499.96,57.4001,972.428,0.0617575,5.2208,0.00343047
62,0.0120044,-1.23593,2199.97,-4499.91,56.4896,976.729,0.0615256,5.19978,0.00408034
62,0.0117553,-1.16359,2199.97,-4499.89,57.3468,967.796,0.0601179,5.25472,0.00583371
62,0.0125289,-1.16901,2199.97,-4499.97,57.6794,968.433,0.0609624,5.26962,0.00602519
62,0.0121009,-1.22118,2199.97,-4499.84,58.9045,959.613,0.0591064,5.26538,0.0052116
62,0.0123254,-1.22215,2199.97,-4499.83,56.4867,977.988,0.0621801,5.20146,0.00462741
62,0.0122137,-1.19027,2199.97,-4499.88,57.6597,970.747,0.0618213,5.20762,0.00372715
62,0.0120171,-1.19973,2199.97,-4499.84,59.23,960.989,0.0600867,5.21819,0.00442374
62,0.0124037,-1.16016,2199.97,-4499.97,57.1819,976.841,0.0613573,5.1191,0.00289818
62,0.0121452,-1.21737,2199.97,-4499.81,58.9259,963.911,0.0591682,5.18321,0.00376282
62,0.0122081,-1.21999,2199.97,-4499.94,56.7548,976.823,0.0615856,5.18496,0.00428316
62,0.0124369,-1.17656,2199.97,-4499.8,57.1722,973.756,0.0607229,5.19047,0.00459115
62,0.011681,-1.14354,2199.97,-4499.99,57.753,965.705,0.0610441,5.25268,0.00464731
62,0.0127039,-1.20683,2199.96,-4499.81,57.0092,974.971,0.0611978,5.21207,0.0047325
62,0.0119515,-1.21103,2199.97,-4499.87,56.3585,979.022,0.0622271,5.18614,0.00442314
62,0.013051,-1.23209,2199.96,-4499.8,59.8347,960.221,0.0594207,5.20988,0.00469921
62,0.0122939,-1.24219,2199.97,-4499.97,57.2979,976.456,0.0615805,5.14434,0.00342759
62,0.012392,-1.1812,2199.97,-4499.94,57.9579,969.314,0.0608225,5.20041,0.00393566
62,0.0120045,-1.16695,2199.97,-4499.97,57.995,966.946,0.0605791,5.23068,0.00480797
62,0.0130545,-1.18963,2199.96,-4499.85,58.799,969.396,0.0613144,5.15988,0.00392639
62,0.0118127,-1.21737,2199.97,-4499.9,57.6714,970.674,0.0608828,5.18462,0.00440897
62,0.0123826,-1.25351,2199.97,-4499.88,57.9986,972.506,0.0624886,5.14216,0.00362569
62,0.0130974,-1.1695,2199.96,-4499.87,57.7256,968.829,0.0611003,5.27114,0.00610672
62,0.0121023,-1.11365,2199.97,-4499.76,58.8765,961.675,0.0590785,5.21634,0.00493044
62,0.0125509,-1.14098,2199.97,-4499.87,58.7341,977.613,0.0595248,5.22287,0.00499327
62,0.012436,-1.15642,2199.97,-4499.78,57.5429,969.785,0.061634,5.24416,0.00576076
62,0.0130318,-1.23617,2199.96,-4499.9,56.9143,979.243,0.0620313,5.16166,0.00395658
62,0.0124086,-1.19186,2199.95,-4499.8,57.2332,972.738,0.0610521,5.21981,0.00376115
62,0.0121992,-1.19139,2199.97,-4499.8,57.3261,975.879,0.0616257,5.1371,0.00355348
62,0.0123427,-1.16952,2199.97,-4499.77,59.6786,959.244,0.0597186,5.21081,0.00435036
62,0.0123627,-1.19831,2199.97,-4499.9,58.4476,963.625,0.0603395,5.25801,0.00523774
62,0.0137125,-1.24538,2199.96,-4499.81,58.9513,969.614,0.0611508,5.16725,0.00440961
62,0.0119999,-1.22855,2199.97,-4499.77,58.3139,969.739,0.0606514,5.13386,0.00327954
62,0.0123727,-1.24429,2199.97,-4499.9,58.5201,968.266,0.0597689,5.168,0.00413716
62,0.0125789,-1.1908,2199.96,-4499.91,57.6498,974.143,0.0610657,5.1387,0.00317982
62,0.0125561,-1.16131,2199.97,-4499.92,58.567,962.098,0.0601485,5.27072,0.00573551
62,0.0129032,-1.17198,2199.96,-4499.98,58.4511,967.108,0.061422,5.23065,0.00574382
62,0.0122905,-1.17724,2199.97,-4499.86,56.7338,976.931,0.0614282,5.17676,0.0047766
62,0.0128873,-1.19778,2199.96,-4499.91,58.3422,968.854,0.0609524,5.2031,0.0050361
62,0.0124599,-1.13561,2199.97,-4499.96,59.064,966.553,0.0600627,5.12513,0.00352402
62,0.0120118,-1.23447,2199.97,-4499.84,56.3982,979.096,0.062122,5.17628,0.00446374
62,0.0118935,-1.20308,2199.97,-4499.89,58.8979,962.057,0.0592902,5.22359,0.00535846
62,0.0127911,-1.17734,2199.96,-4499.77,57.2475,971.739,0.0608539,5.25499,0.00509655
62,0.0131887,-1.23361,2199.96,-4499.93,59.6982,961.183,0.0599764,5.22685,0.00383959
62,0.0131639,-1.25193,2199.96,-4500,56.848,977.845,0.061534,5.20352,0.00539716
62,0.0126608,-1.2685,2199.96,-4499.85,58.4625,969.771,0.059924,5.1433,0.00331609
62,0.0127182,-1.19404,2199.97,-4499.92,59.7097,959.903,0.0605343,5.2235,0.00442661
62,0.0130747,-1.19267,2199.96,-4499.95,57.2892,976.88,0.0625951,5.17928,0.00397386
62,0.0128501,-1.17975,2199.96,-4499.78,58.592,969.867,0.0607503,5.14289,0.00317334
62,0.012629,-1.28135,2199.96,-4499.85,56.9292,977.254,0.062394,5.19317,0.00382083
62,0.0127043,-1.19521,2199.97,-4499.86,58.1221,971.356,0.0610549,5.1669,0.00344403
62,0.012411,-1.21764,2199.97,-4499.86,58.0828,966.828,0.0602079,5.22936,0.00484465
62,0.0127766,-1.23147,2199.97,-4499.85,57.4528,970.694,0.0611151,5.26103,0.0054152
62,0.0126269,-1.20998,2199.97,-4499.99,59.364,961.33,0.0604993,5.22085,0.00446693
62,0.0126823,-1.17374,2199.97,-4499.98,59.1618,962.168,0.0609162,5.23921,0.0055983
62,0.0126333,-1.19506,2199.97,-4499.95,58.6032,965.106,0.0609114,5.21609,0.00489762
62,0.0125884,-1.19844,2199.97,-4499.88,57.3212,971.259,0.0597529,5.23522,0.0065094
62,0.0129154,-1.20619,2199.96,-4499.78,58.7257,965.703,0.0600846,5.21085,0.00494124
62,0.0127107,-1.20048,2199.96,-4499.8,57.8007,973.276,0.0619441,5.17932,0.00407889
62,0.0131171,-1.23723,2199.96,-4499.77,58.7134,965.697,0.0613002,5.24496,0.00600083
62,0.0126101,-1.1901,2199.97,-4499.97,58.1459,971.542,0.0605592,5.14998,0.00267011
62,0.0126923,-1.22332,2199.97,-4499.99,57.2979,973.507,0.0618545,5.21177,0.00486968
62,0.0130577,-1.2743,2199.96,-4499.77,59.1586,965.825,0.060394,5.18074,0.00468608
62,0.0111008,-1.29198,2199.97,-4499.9,58.0623,965.944,0.0602182,5.19439,0.00431018
62,0.012971,-1.25662,2199.96,-4499.98,58.7319,965.986,0.0603217,5.21159,0.00430866
62,0.0130155,-1.2305,2198.25,-4499.98,58.4158,970.773,0.0609451,5.15017,0.00348504
62,0.0122824,-1.17642,2199.97,-4499.86,58.6895,964.438,0.0605081,5.21644,0.00476309
62,0.0131028,-1.20229,2199.96,-4499.93,59.3804,964.4,0.0599516,5.17608,0.00382876
62,0.0124693,-1.18597,2199.97,-4499.96,58.1793,967.897,0.0601934,5.20121,0.00415338
62,0.0128331,-1.21743,2199.96,-4499.99,58.5647,967.48,0.0597716,5.17191,0.00321912
62,0.0130582,-1.20157,2199.96,-4499.81,59.4964,961.291,0.0593527,5.21652,0.00592887
62,0.0119103,-1.11872,2199.97,-4499.95,56.6108,975.143,0.0607146,5.19786,0.0042203
62,0.0127829,-1.18354,2199.96,-4499.78,59.3746,960.376,0.0599954,5.24635,0.00490268
62,0.0123892,-1.24229,2199.97,-4499.85,58.7929,965.676,0.0597394,5.18108,0.00489502
62,0.011725,-1.21648,2199.97,-4499.92,57.3705,972.884,0.0604962,5.16245,0.0040774
62,0.0125869,-1.28048,2199.97,-4499.83,59.1113,965.984,0.0611503,5.17078,0.00439836
62,0.0121562,-1.19919,2199.97,-4499.83,56.5111,976.69,0.0616948,5.21209,0.00389827
62,0.0132811,-1.18235,2199.96,-4499.89,58.948,967.369,0.0604645,5.172,0.00312565
62,0.012992,-1.17025,2199.96,-4499.78,58.2682,965.696,0.0602483,5.26407,0.0049132
62,0.0118444,-1.22838,2199.97,-4499.81,57.0241,975.868,0.0621636,5.16777,0.0043888
62,0.0130903,-1.19425,2199.96,-4499.76,58.0721,969.073,0.0606732,5.22561,0.00491318
62,0.0119897,-1.25532,2199.97,-4499.9,57.1093,975.621,0.0622255,5.17754,0.00416482
62,0.0124732,-1.22946,2199.97,-4499.99,58.4859,970.023,0.0612605,5.14243,0.00298579
62,0.0129067,-1.1925,2199.96,-4499.87,58.9259,963.44,0.0602836,5.23782,0.00466269
62,0.012652,-1.20578,2199.97,-4499.94,58.427,965.135,0.0606333,5.24993,0.00578748
62,0.0122486,-1.25873,2199.97,-4499.83,57.1575,976.178,0.0613615,5.15702,0.00406805
62,0.0123438,-1.25433,2199.97,-4499.78,57.5437,975.178,0.0617399,5.14304,0.00376339
62,0.013162,-1.16001,2199.96,-4499.84,59.1669,964.967,0.0600944,5.19034,0.00467663
62,0.0120927,-1.13011,2199.97,-4499.9,59.2346,961.568,0.0599118,5.19794,0.00495745
62,0.0125248,-1.22879,2199.97,-4499.94,58.8656,967.659,0.0602074,5.14034,0.00349378
62,0.0132367,-1.20573,2199.96,-4499.75,59.203,964.109,0.0607968,5.22093,0.00479269
62,0.0126427,-1.19741,2199.97,-4499.85,58.3858,964.142,0.0602046,5.26689,0.00571505
62,0.0126013,-1.24534,2199.97,-4499.78,58.2497,967.936,0.0607871,5.20868,0.00471997
62,0.0141166,-1.14795,2199.96,-4499.91,58.7312,963.737,0.0604751,5.25394,0.00547659
62,0.0124367,-1.17363,2199.97,-4499.8,58.1525,965.932,0.0604049,5.24827,0.00565127
62,0.012704,-1.18652,2199.97,-4499.88,58.282,969.936,0.0614166,5.18617,0.00453751
62,0.0126977,-1.2508,2199.97,-4499.77,58.7232,965.421,0.0600538,5.21109,0.00503749
62,0.0124215,-1.20795,2199.97,-4499.77,58.8641,968.069,0.0609169,5.13862,0.00323544
62,0.0123236,-1.22829,2199.97,-4500,58.1311,971.034,0.0613462,5.16281,0.00406565
62,0.0125278,-1.18405,2199.96,-4499.79,59.2563,961.114,0.0605229,5.23626,0.0052571
62,0.0132857,-1.21708,2199.96,-4499.93,58.8623,968.885,0.0605148,5.16046,0.00344893
62,0.0124185,-1.21536,2199.97,-4499.77,57.1155,974.682,0.0610425,5.19263,0.0038975
62,0.0121661,-1.29366,2199.97,-4499.87,57.6487,972.995,0.0611449,5.15993,0.00334053
62,0.0117658,-1.20397,2199.97,-4499.86,56.6472,976.745,0.0621329,5.18428,0.0040158
62,0.0129594,-1.14777,2199.96,-4499.96,58.4301,964.392,0.0603369,5.27341,0.00518583
62,0.0128372,-1.21411,2199.96,-4499.96,57.5534,975.876,0.0611903,5.12694,0.00315791
62,0.0124751,-1.21272,2199.97,-4500,58.2664,970.534,0.0602822,5.14959,0.00355154
62,0.0127944,-1.24304,2199.96,-4499.79,58.1827,969.306,0.0607594,5.20007,0.00462702
62,0.0130093,-1.24271,2199.96,-4499.96,59.3365,964.176,0.0604026,5.19065,0.00448959
62,0.0127729,-1.20048,2199.96,-4499.88,57.987,968.681,0.060156,5.21835,0.00556515
62,0.0131133,-1.23686,2199.96,-4499.82,58.7753,969.702,0.061139,5.15025,0.00309958
62,0.0130894,-1.17834,2199.96,-4499.76,59.6159,959.941,0.0596986,5.24217,0.00544248
62,0.0120779,-1.18727,2199.97,-4499.96,57.3547,974.904,0.0611681,5.14037,0.00341139
62,0.012227,-1.32052,2199.97,-4499.95,58.4681,966.361,0.0610373,5.21322,0.00462418
62,0.0119176,-1.21219,2199.97,-4499.83,57.7411,971.874,0.061205,5.16005,0.00364925
62,0.0126215,-1.17033,2199.96,-4499.81,58.9434,963.656,0.0602886,5.22169,0.00496233
62,0.0120814,-1.18926,2199.97,-4499.98,59.6737,959.169,0.0595473,5.18911,0.00427484
62,0.0120375,-1.20185,2199.97,-4499.9,57.9708,968.968,0.0606039,5.19306,0.00434017
62,0.0133019,-1.23271,2199.96,-4499.79,58.108,973.476,0.0611613,5.15592,0.00364452
62,0.0135039,-1.15947,2199.96,-4499.88,59.8398,961.543,0.0601948,5.21482,0.00436571
62,0.0122861,-1.16819,2199.97,-4499.97,57.7775,968.832,0.0605631,5.22348,0.00543505
62,0.0121693,-1.25175,2199.97,-4499.93,56.9464,976.984,0.0609814,5.16585,0.00443335
62,0.0129988,-1.13532,2199.96,-4499.97,58.0075,970.313,0.0609179,5.20237,0.00399077
62,0.0123616,-1.17083,2199.97,-4499.8,56.657,978.815,0.0618223,5.16422,0.00376733
62,0.0126929,-1.19177,2199.96,-4499.77,57.9823,970.868,0.0610967,5.18991,0.00449098
62,0.0125973,-1.20053,2199.97,-4499.89,57.171,973.366,0.0614125,5.2288,0.0047291
62,0.0128772,-1.21975,2199.96,-4499.84,58.9582,963.156,0.0593638,5.23062,0.00486764
62,0.0122081,-1.23675,2199.97,-4499.89,58.7346,962.887,0.0598389,5.23012,0.00551561
62,0.0126101,-1.15179,2199.97,-4499.92,58.4985,965.327,0.0600227,5.23092,0.00552715
62,0.0125376,-1.17563,2199.97,-4499.96,57.1929,976.771,0.0616954,5.12912,0.0031144
62,0.0127648,-1.18055,2199.97,-4499.94,58.4142,968.08,0.0611299,5.20421,0.00488155
62,0.0125278,-1.31,2199.97,-4499.97,58.5669,968.509,0.0602109,5.1716,0.00408976
62,0.0126399,-1.14845,2199.97,-4499.96,59.1093,960.224,0.0595324,5.26077,0.00599544
62,0.0125899,-1.19801,2199.97,-4499.86,58.8594,965.393,0.060318,5.18368,0.00376182
62,0.0127454,-1.19466,2199.96,-4499.95,59.4174,964.591,0.0604384,5.17087,0.00444748
62,0.0132402,-1.1885,2199.96,-4499.78,59.0111,961.9,0.0593766,5.26063,0.00544668
62,0.0126063,-1.19645,2199.97,-4499.91,57.0786,974.184,0.0616916,5.22991,0.00526519
62,0.0130267,-1.18318,2199.96,-4499.86,57.5336,973.332,0.0619147,5.20693,0.00504035
62,0.0128123,-1.30834,2199.97,-4499.81,58.7078,969.213,0.0611557,5.16155,0.0036012
62,0.0131484,-1.16617,2199.96,-4499.86,59.2,962.067,0.0595914,5.2403,0.00583098
62,0.0136341,-1.17566,2199.96,-4499.82,58.9992,966.935,0.0602102,5.19917,0.00479447
62,0.0125199,-1.26332,2199.97,-4499.75,57.0054,977.603,0.0621995,5.16329,0.0029886
62,0.0126582,-1.21848,2199.96,-4499.81,56.9186,978.414,0.0610108,5.14533,0.00316112
62,0.0126928,-1.29193,2199.96,-4499.89,59.3499,964.969,0.0611231,5.17141,0.00435691
62,0.0121465,-1.15823,2199.97,-4499.91,58.087,969.762,0.0605463,5.17093,0.00462142
62,0.0123157,-1.25352,2199.97,-4499.99,57.634,970.627,0.0603808,5.19684,0.0051341
62,0.0124523,-1.20997,2199.97,-4499.79,56.6855,974.947,0.0609841,5.23323,0.00488941
62,0.0129056,-1.1977,2199.96,-4499.79,58.5002,970.224,0.0603958,5.1563,0.00474995
62,0.0130225,-1.25397,2199.96,-4499.77,58.4197,971.256,0.0609577,5.1469,0.00361418
62,0.0125905,-1.24061,2199.97,-4499.91,58.7467,967.138,0.0607013,5.18077,0.00415264
62,0.0130297,-1.23683,2199.96,-4499.94,59.4543,961.311,0.0603609,5.2307,0.00589745
62,0.0123238,-1.1701,2199.97,-4499.97,58.2954,963.728,0.0608944,5.25842,0.00519182
62,0.0119978,-1.24426,2199.97,-4499.83,56.8761,973.826,0.0609196,5.21144,0.00425336
62,0.0127707,-1.22717,2199.96,-4499.76,58.0819,967.438,0.0603372,5.24428,0.00591505
62,0.0140887,-1.14394,2199.96,-4499.77,57.5264,974.112,0.0609923,5.24332,0.00497031
62,0.011658,-1.24058,2199.97,-4499.8,56.5825,976.442,0.0613621,5.18565,0.00461048
62,0.0129407,-1.13366,2199.96,-4499.77,59.6643,960.711,0.0598971,5.21055,0.00449646
62,0.0127258,-1.20024,2199.97,-4499.8,59.7415,959.106,0.0585283,5.21487,0.00505567
62,0.0130023,-1.19931,2199.96,-4499.86,59.1208,962.826,0.0602735,5.23583,0.00479683
62,0.0118174,-1.21367,2199.97,-4499.9,57.5943,972.782,0.0617607,5.14802,0.00292678
62,0.0129714,-1.19053,2199.96,-4499.83,59.6847,961.015,0.0600876,5.20687,0.0051366
62,0.0125747,-1.22007,2199.97,-4499.92,57.9865,971.748,0.0632628,5.19073,0.00512242
62,0.0126185,-1.24753,2199.97,-4499.83,56.9695,978.455,0.0619256,5.155,0.00385851
62,0.0124998,-1.17534,2199.97,-4499.94,56.7247,975.937,0.0620044,5.2189,0.00431561
62,0.0128337,-1.22175,2199.96,-4499.9,59.582,962.021,0.0604702,5.20408,0.00427389
62,0.0125249,-1.18181,2199.97,-4499.83,57.9671,968.748,0.0614622,5.22411,0.00464375
62,0.0127728,-1.26512,2199.96,-4499.99,58.7509,969.125,0.0605748,5.13774,0.00322734
62,0.0121955,-1.23068,2199.97,-4499.81,57.4519,973.741,0.0612294,5.16562,0.00401351
62,0.0126122,-1.19799,2199.97,-4499.92,58.7539,962.974,0.0600353,5.2409,0.00546342
62,0.0125174,-1.2251,2199.97,-4499.97,56.533,978.443,0.0616185,5.1927,0.00440534
62,0.0125277,-1.1946,2199.97,-4499.83,57.4563,969.736,0.0614443,5.26801,0.00486466
62,0.0125253,-1.23177,2199.97,-4499.93,59.4078,959.304,0.0601027,5.26175,0.00597888
62,0.0126211,-1.2922,2199.97,-4499.86,58.9098,966.507,0.06107,5.1885,0.00391306
62,0.0120785,-1.19938,2199.97,-4499.88,57.9612,965.267,0.0604876,5.25883,0.00487739
62,0.0124228,-1.17224,2199.97,-4499.89,57.9029,969.198,0.0603002,5.19829,0.00424868
62,0.0129977,-1.16548,2199.96,-4499.99,59.7043,959.967,0.0597525,5.22937,0.00497975
62,0.0124835,-1.21278,2199.97,-4499.81,59.7048,958.195,0.0594546,5.24086,0.00514494
62,0.013113,-1.26317,2199.96,-4499.84,56.8221,978.488,0.0616367,5.20209,0.00500842
62,0.0126334,-1.19845,2199.97,-4499.93,59.3646,959.414,0.0592619,5.24184,0.00526252
62,0.0117579,-1.21994,2199.97,-4499.87,56.8921,975.533,0.0622492,5.17967,0.00511443
62,0.0125728,-1.24441,2199.97,-4499.76,57.1575,977.126,0.0621425,5.15948,0.00311762
62,0.0125051,-1.1749,2199.97,-4499.95,56.7951,975.588,0.0623187,5.22016,0.00387289
62,0.0126094,-1.2265,2199.97,-4499.99,57.8711,972.067,0.0603031,5.15585,0.00456741
62,0.0117414,-1.17255,2199.97,-4499.92,58.3351,961.263,0.0598217,5.27066,0.00511979
62,0.0132909,-1.26826,2199.96,-4499.94,59.2694,965.672,0.0606175,5.18193,0.00441183
62,0.0125544,-1.20848,2199.97,-4499.85,57.828,974.395,0.0617488,5.12846,0.00339376
62,0.0121266,-1.17445,2199.97,-4499.82,57.989,965.511,0.0600271,5.25561,0.0048546
62,0.0126184,-1.20767,2199.97,-4499.88,57.3932,975.638,0.0613002,5.14451,0.00418561
62,0.0128076,-1.18783,2199.96,-4499.8,58.0098,983.385,0.0601793,5.22558,0.00600029
62,0.0125734,-1.19546,2199.97,-4499.85,56.8575,974.8,0.0612247,5.22024,0.00491796
62,0.012262,-1.21631,2199.97,-4499.89,56.8969,976.233,0.0609199,5.17286,0.00404635
62,0.0131176,-1.21333,2199.96,-4499.96,58.0121,970.943,0.0608163,5.19468,0.00458284
62,0.0116811,-1.21776,2199.97,-4499.91,56.5711,977.424,0.0619699,5.16988,0.00469505
62,0.0128855,-1.19971,2199.96,-4499.8,58.9955,965.832,0.0600555,5.1756,0.00491518
62,0.0129606,-1.26664,2199.96,-4499.86,59.2036,962.586,0.0596688,5.22076,0.00441038
62,0.0121435,-1.197,2199.97,-4499.77,57.9592,972.516,0.0605235,5.11846,0.00291275
62,0.0126079,-1.20788,2199.97,-4499.84,58.612,966.812,0.0602825,5.18853,0.00503975
62,0.0135194,-1.17009,2199.96,-4499.75,58.878,966.735,0.0598735,5.19858,0.0043046
62,0.0133495,-1.20656,2199.96,-4499.82,57.6313,971.764,0.0608119,5.24599,0.00507284
62,0.0121662,-1.15538,2199.97,-4499.89,57.3066,970.341,0.060984,5.24008,0.0055839
62,0.0134201,-1.22789,2199.96,-4499.8,57.0053,980.535,0.061629,5.1382,0.00305479
62,0.0121892,-1.23353,2199.97,-4499.93,56.6011,977.004,0.0613076,5.19227,0.00370377
62,0.013085,-1.17292,2199.96,-4499.98,57.7583,973.041,0.0617091,5.18169,0.00442947
62,0.0133636,-1.19686,2199.96,-4499.98,57.9069,969.984,0.0610442,5.26183,0.00574742
62,0.011914,-1.16195,2199.97,-4499.79,57.9207,970.115,0.0614776,5.17302,0.0045745
62,0.0122277,-1.2103,2199.97,-4499.94,57.8142,973.849,0.0619516,5.17545,0.00385678
62,0.0127572,-1.18255,2199.96,-4499.85,56.9533,977.682,0.061724,5.16382,0.00428141
62,0.0123257,-1.23418,2199.97,-4499.9,57.7123,974.419,0.0614999,5.11986,0.00337622
62,0.0122393,-1.2097,2199.97,-4499.78,57.5503,971.761,0.0608214,5.19444,0.00363745
62,0.0116796,-1.20457,2199.97,-4499.9,56.683,976.458,0.0613502,5.17198,0.00373844
62,0.0121338,-1.23274,2199.97,-4499.92,59.6502,957.49,0.0587237,5.23441,0.00535191
62,0.0128661,-1.20831,2199.96,-4499.97,58.8254,970.6,0.0624934,5.14743,0.00440059
62,0.0127736,-1.2077,2199.96,-4499.85,57.9498,973.761,0.0609564,5.12387,0.00229037
62,0.0125148,-1.20687,2199.97,-4499.86,57.9731,972.316,0.0614114,5.15733,0.00373083
62,0.0123003,-1.17725,2199.97,-4499.93,57.9732,972.267,0.0604501,5.13847,0.00291917
62,0.0125435,-1.13929,2199.97,-4499.78,59.044,965.227,0.0612075,5.1798,0.00450407
62,0.0118969,-1.18611,2199.97,-4499.77,57.144,969.821,0.0601625,5.23939,0.00468614
62,0.0134482,-1.15616,2199.96,-4499.96,59.2365,963.772,0.0606672,5.21596,0.00524833
62,0.0132185,-1.18433,2199.96,-4499.99,59.2179,962.446,0.0605348,5.24944,0.00550858
62,0.0119868,-1.15937,2199.97,-4499.88,56.8114,974.888,0.0610002,5.1951,0.00494711
62,0.0120797,-1.2291,2199.97,-4499.95,56.4726,976.524,0.0615958,5.21466,0.00435636
62,0.013114,-1.20505,2199.96,-4499.95,58.3035,967.556,0.0608547,5.24974,0.00448498
62,0.0128684,-1.18637,2199.96,-4499.99,57.4197,973.4,0.0621491,5.20689,0.00429343
62,0.0125835,-1.1972,2199.97,-4499.88,58.2585,972.915,0.0600737,5.24247,0.00603805
62,0.0129636,-1.22201,2199.96,-4499.84,58.0597,972.225,0.0608476,5.16728,0.00412749
62,0.012185,-1.18416,2199.97,-4499.94,58.0834,966.742,0.0612509,5.24625,0.00529927
62,0.0126937,-1.18007,2199.97,-4499.97,57.9109,970.328,0.0587797,5.16609,0.00439113
62,0.0116883,-1.1906,2199.97,-4499.79,56.7435,974.308,0.0618117,5.21019,0.00426279
62,0.01257,-1.24566,2199.97,-4499.88,57.6748,975.075,0.0613391,5.14121,0.00273551
62,0.0128964,-1.19756,2199.96,-4499.85,59.4102,960.847,0.0599721,5.23499,0.00543076
62,0.0126774,-1.15628,2199.97,-4499.93,58.7271,964.314,0.060326,5.22593,0.00534311
62,0.0126611,-1.24276,2199.97,-4499.87,58.0923,969.153,0.0604953,5.19795,0.0044199
62,0.0134703,-1.22592,2199.96,-4499.98,59.6212,963.955,0.0602587,5.18442,0.00469471
62,0.0131451,-1.20646,2199.96,-4499.81,58.6066,966.396,0.0604772,5.22469,0.00447194
62,0.0121839,-1.20591,2199.97,-4499.89,57.1828,971.589,0.0613836,5.23888,0.00533312
62,0.0131822,-1.20699,2199.96,-4499.88,59.5822,960.37,0.059286,5.23841,0.00542432
62,0.0130379,-1.20149,2199.96,-4499.95,59.67,961.254,0.0602003,5.21192,0.00381008
62,0.013045,-1.15702,2199.96,-4499.82,58.7403,964.598,0.0622252,5.25454,0.00536123
62,0.0123562,-1.19008,2199.97,-4499.87,56.6733,976.929,0.0612661,5.19191,0.00411038
62,0.0123892,-1.17779,2199.97,-4499.96,59.0983,963.452,0.060246,5.19776,0.00477397
62,0.0122763,-1.20082,2199.97,-4499.79,57.817,972.973,0.0609658,5.13505,0.00361549
62,0.0123415,-1.13237,2199.97,-4499.99,57.5267,969.46,0.0606463,5.21951,0.00470259
62,0.0133124,-1.18924,2199.96,-4499.8,58.1057,969.725,0.0612906,5.23386,0.00495882
62,0.0131088,-1.21857,2199.96,-4500,59.2068,960.303,0.0595581,5.25437,0.00528609
62,0.0126746,-1.20287,2199.97,-4499.79,58.248,966.045,0.0595474,5.23896,0.00510412
62,0.0121625,-1.24194,2199.97,-4499.76,58.9766,961.465,0.0602723,5.24234,0.00483017
62,0.0126643,-1.14672,2199.96,-4499.82,58.6359,962.863,0.0599961,5.259,0.00507928
62,0.0125344,-1.23898,2199.97,-4499.88,56.8615,975.107,0.0608031,5.2081,0.00403819
62,0.0131696,-1.16953,2199.96,-4499.91,58.6622,965.93,0.060999,5.23871,0.00583943
62,0.0131252,-1.21382,2199.96,-4499.98,57.8767,972.097,0.0605574,5.18926,0.00398736
62,0.0131735,-1.28358,2199.96,-4499.79,57.4522,977.635,0.0616888,5.14043,0.00296978
62,0.0129449,-1.18067,2199.96,-4499.86,58.5195,970.706,0.0609945,5.13341,0.00518986
62,0.0114715,-1.16799,2199.97,-4499.75,57.0029,971.309,0.0622418,5.23302,0.00492304
