hole_id,tg_th,tg_ph,tg_p,tg_vz,sieve_r,gem_r,r_prime,gem_ph,phi_prime
71,0.0106905,-1.36597,4399.9,-3875.56,42.8452,899.819,0.0622976,4.92137,-9.6635e-05
71,0.0109414,-1.37691,4399.9,-3875.59,43.7574,894.779,0.0612524,4.90584,-0.00037
71,0.010402,-1.31864,4399.91,-3875.57,41.3177,908.21,0.0633998,4.95846,0.000589882
71,0.010999,-1.34098,4399.89,-3875.54,42.8237,899.971,0.0620942,4.94138,0.000192861
71,0.010331,-1.35952,4399.91,-3875.52,40.7581,911.05,0.0637121,4.92708,-0.000263474
71,0.0104034,-1.38664,4399.91,-3875.6,41.2185,908.603,0.0635121,4.91114,-0.000674956
71,0.0109564,-1.33527,4399.9,-3875.48,43.8243,894.989,0.0617612,4.94644,-9.24749e-05
71,0.0109585,-1.37575,4399.89,-3875.43,43.576,895.891,0.0617123,4.91641,0.00016191
71,0.0103396,-1.37525,4399.91,-3875.57,41.036,909.585,0.0635874,4.91074,-0.000202637
71,0.0105449,-1.36826,4399.9,-3875.43,42.0274,904.142,0.0627548,4.90562,-0.000228079
71,0.0105179,-1.3595,4399.9,-3875.41,41.7654,905.488,0.0630648,4.92119,-0.000109046
71,0.0107836,-1.3292,4399.9,-3875.57,43.2396,898.03,0.0622223,4.96,0.000330532
71,0.0107109,-1.34342,4399.9,-3875.49,42.5559,901.14,0.0620235,4.94167,9.59685e-05
71,0.0102984,-1.35781,4399.91,-3875.56,41.4052,907.564,0.0633719,4.91804,-0.00028346
71,0.0109795,-1.35749,4399.89,-3875.44,43.712,895.009,0.0614979,4.91681,-0.000265575
71,0.0104823,-1.3579,4399.9,-3875.59,41.6026,906.558,0.0633305,4.92569,-0.000125711
71,0.0103664,-1.3323,4399.91,-3875.52,41.1242,909.062,0.0633226,4.94138,0.00022451
71,0.010481,-1.37925,4399.91,-3875.4,41.9794,904.259,0.0628648,4.91397,-0.000546206
71,0.0103211,-1.30595,4399.91,-3875.5,41.5202,907.187,0.0633583,4.96241,8.55715e-05
71,0.0110075,-1.35522,4399.89,-3875.45,43.7971,894.809,0.0616175,4.93023,-0.000155761
71,0.0103793,-1.32011,4399.91,-3875.4,41.4579,907.391,0.0633013,4.95575,0.000173481
71,0.0107126,-1.29614,4399.9,-3875.55,42.6548,901.236,0.0627111,4.97344,0.000188572
71,0.0106128,-1.30875,4399.9,-3875.51,41.6446,906.314,0.0629985,4.95863,0.000312752
71,0.0110266,-1.33491,4399.89,-3875.62,43.5523,896.235,0.0617903,4.94775,-0.000289117
71,0.0107404,-1.36412,4399.9,-3875.43,42.4921,901.539,0.0623607,4.92082,-0.000103621
71,0.0107139,-1.38454,4399.9,-3875.43,42.3743,902.297,0.0624138,4.89936,-0.000526877
71,0.010683,-1.33783,4399.9,-3875.45,42.6017,901.049,0.0623924,4.94169,2.21602e-06
71,0.0103823,-1.31791,4399.91,-3875.53,41.5478,906.764,0.0629905,4.95616,0.000102719
71,0.0106128,-1.35891,4399.9,-3875.59,42.2753,903.051,0.0631979,4.91066,-0.000329135
71,0.0107977,-1.30523,4399.9,-3875.49,43.3667,897.254,0.0618799,4.97072,0.000835749
71,0.0107521,-1.35163,4399.9,-3875.56,42.4751,901.821,0.0623187,4.92837,-0.000661541
71,0.0104101,-1.37397,4399.91,-3875.59,42.124,903.58,0.0625296,4.90318,-0.000308623
71,0.0103643,-1.32684,4399.91,-3875.57,41.8313,906.146,0.0629749,4.96126,0.000334792
71,0.010926,-1.37455,4399.9,-3875.61,42.9277,899.378,0.0622294,4.90822,-0.000321504
71,0.0103452,-1.36333,4399.91,-3875.38,41.0822,909.444,0.063841,4.91533,-0.000460967
71,0.0109452,-1.34609,4399.9,-3875.58,43.4676,897.018,0.0623006,4.93572,-0.000189236
71,0.0108478,-1.30998,4399.9,-3875.61,43.1948,898.227,0.0621304,4.95364,0.000400222
71,0.0101259,-1.35552,4399.91,-3875.54,40.8613,910.325,0.063447,4.92842,9.80482e-05
71,0.0109281,-1.38929,4399.9,-3875.39,43.2876,898.018,0.0624064,4.89083,-0.000682493
71,0.0101606,-1.38088,4399.91,-3875.56,40.9502,909.812,0.0634574,4.91908,-0.000417398
71,0.0110308,-1.33523,4399.89,-3875.55,43.9509,893.84,0.0614736,4.93462,-0.000105933
71,0.0101556,-1.32681,4399.91,-3875.44,40.6166,911.652,0.0635962,4.94663,6.93282e-05
71,0.0108171,-1.34433,4399.9,-3875.52,43.1153,898.322,0.0617022,4.95147,-7.46437e-05
71,0.010545,-1.35469,4399.9,-3875.56,41.4139,907.423,0.063114,4.91971,-0.00040921
71,0.0103474,-1.33159,4399.91,-3875.58,41.3578,907.712,0.0632637,4.94374,0.00032105
71,0.010945,-1.3754,4399.9,-3875.51,43.2193,897.544,0.0617772,4.91295,-0.000247934
71,0.0106001,-1.38146,4399.9,-3875.44,42.0848,903.964,0.0629052,4.90004,-0.00046687
71,0.0105564,-1.36255,4399.9,-3875.55,41.7721,905.581,0.0630277,4.92,-0.000180565
71,0.0111696,-1.35183,4399.88,-3875.49,44.1309,893.119,0.0615442,4.94286,0.000202746
71,0.0109856,-1.33786,4399.89,-3875.5,44.0689,893.348,0.0614815,4.92888,-0.000496147
71,0.0116868,-1.36772,4399.88,-3875.48,43.6692,897.141,0.0616407,4.96639,0.000463919
71,0.0106702,-1.31824,4399.91,-3875.43,42.0332,903.564,0.0617811,4.95779,0.000547078
71,0.0109692,-1.39111,4399.9,-3875.57,43.3508,897.296,0.0618348,4.89574,-0.000571837
71,0.010551,-1.30305,4399.9,-3875.51,41.988,904.419,0.062356,4.98033,0.000314895
71,0.0107525,-1.36153,4399.9,-3875.45,42.6378,900.915,0.0623959,4.92923,-0.000118972
71,0.0103492,-1.3259,4399.91,-3875.39,41.0774,909.432,0.0633946,4.95351,9.93663e-05
71,0.0104478,-1.3127,4399.91,-3875.4,41.6004,906.588,0.0628964,4.9673,0.000376365
71,0.0105036,-1.3041,4399.9,-3875.42,41.8024,906.045,0.0635506,4.97458,0.000412821
71,0.0106659,-1.32574,4399.9,-3875.53,42.6168,901.24,0.062342,4.96553,0.000433453
71,0.0105206,-1.34161,4399.91,-3875.51,41.9747,904.609,0.063035,4.93369,0.000140337
71,0.0110618,-1.36599,4399.89,-3875.48,43.9711,893.81,0.0613625,4.92513,-0.00030163
71,0.0107281,-1.36272,4399.9,-3875.44,43.1313,898.519,0.0623984,4.90336,-0.000312857
71,0.0107742,-1.35955,4399.9,-3875.48,42.9407,899.103,0.0619794,4.91388,-0.000289539
71,0.0109362,-1.37079,4399.9,-3875.49,43.4553,896.395,0.0617101,4.91688,-0.000278491
71,0.0108224,-1.38161,4399.9,-3875.51,43.2591,897.926,0.062167,4.89815,-0.000183933
71,0.0110904,-1.32234,4399.89,-3875.58,43.9154,893.936,0.061113,4.95408,0.000572111
71,0.0109169,-1.33048,4399.9,-3875.53,42.9221,899.47,0.0620181,4.95024,0.000289783
71,0.0107856,-1.36755,4399.9,-3875.48,42.9875,899.075,0.0622681,4.91533,0.000195941
71,0.0104756,-1.35362,4399.9,-3875.38,41.5714,907.151,0.063864,4.93521,-2.57376e-05
71,0.0102446,-1.37146,4399.9,-3875.43,40.9327,910.38,0.0640077,4.9198,3.15556e-05
71,0.0107059,-1.37751,4399.9,-3875.6,42.0435,904.255,0.0627699,4.89544,-0.000691289
71,0.0106987,-1.34659,4399.9,-3875.56,42.4659,901.729,0.0623285,4.93089,-0.00027544
71,0.0109324,-1.31294,4399.9,-3875.59,43.1406,898.207,0.0617187,4.963,0.000273895
71,0.0104205,-1.30663,4399.91,-3875.44,41.1467,909.355,0.0637604,4.96387,0.000379102
71,0.0105129,-1.38819,4399.9,-3875.62,41.4446,907.363,0.0630808,4.89953,-0.000115211
71,0.0106718,-1.40029,4399.9,-3875.4,42.7538,900.438,0.0620654,4.88736,-0.000700153
71,0.0103521,-1.34102,4399.91,-3875.56,40.751,911.115,0.0638408,4.93218,0.00010021
71,0.0111099,-1.35735,4399.89,-3875.58,44.0223,893.453,0.0612392,4.92007,-0.000313881
71,0.0104672,-1.3622,4399.9,-3875.52,41.7742,905.305,0.0626421,4.91433,-0.000466833
71,0.0105497,-1.38675,4399.9,-3875.63,41.5667,906.757,0.0629951,4.89974,-0.000532478
71,0.010669,-1.39513,4399.9,-3875.57,42.3356,902.613,0.0622774,4.88519,-0.00026018
71,0.0108041,-1.37281,4399.9,-3875.5,42.8264,899.494,0.0618794,4.91348,-0.000163282
71,0.0108776,-1.38625,4399.9,-3875.42,43.2074,897.856,0.0617058,4.89621,-0.000219101
71,0.0105907,-1.35138,4399.9,-3875.52,42.2784,902.941,0.0627616,4.92475,-0.000304201
71,0.0102775,-1.37175,4399.91,-3875.52,41.274,908.317,0.0632345,4.94438,-0.00017874
71,0.0107857,-1.35593,4399.9,-3875.4,43.0766,898.27,0.061671,4.92488,7.15012e-05
71,0.0108983,-1.30528,4399.9,-3875.51,43.3634,897.466,0.0621756,4.97689,-2.51516e-05
71,0.010973,-1.33095,4399.9,-3875.44,44.2237,892.524,0.0614196,4.94314,-0.000193652
71,0.0107292,-1.36465,4399.9,-3875.52,42.9585,899.249,0.0622135,4.92057,-0.000187739
71,0.0107519,-1.34846,4399.9,-3875.55,42.8467,899.803,0.0621866,4.92753,0.000269064
71,0.0106356,-1.31314,4399.9,-3875.61,42.395,902.382,0.0623485,4.97718,0.000284566
71,0.0105796,-1.28977,4399.9,-3875.49,41.7355,905.766,0.0626234,4.97364,0.000447181
71,0.0105763,-1.29036,4399.9,-3875.53,42.5528,901.753,0.0624895,4.98422,0.00077484
71,0.0104883,-1.35859,4399.9,-3875.48,41.982,904.551,0.0629062,4.92611,-0.000185779
71,0.0103643,-1.3697,4399.91,-3875.5,41.5169,906.905,0.0631271,4.9154,-0.000135113
71,0.0105156,-1.32022,4399.9,-3875.55,41.9424,904.622,0.0623444,4.96217,0.000434872
71,0.0104081,-1.29501,4399.91,-3875.57,41.6192,906.805,0.0633886,4.97711,0.000860755
71,0.010558,-1.30615,4399.9,-3875.44,41.6802,906.183,0.0626888,4.97378,0.000339746
71,0.0108318,-1.29533,4399.9,-3875.38,43.2076,897.981,0.061953,4.97985,0.000832292
71,0.0103814,-1.33098,4399.91,-3875.57,41.7473,905.544,0.0627558,4.93853,-0.000231726
71,0.0102993,-1.33881,4399.91,-3875.6,41.2243,908.542,0.0633641,4.94332,0.000193587
71,0.0104501,-1.32191,4399.91,-3875.5,41.6726,906.013,0.0628111,4.95425,0.000442493
71,0.0108611,-1.32043,4399.9,-3875.62,42.6847,900.76,0.0622499,4.9537,0.000583861
71,0.0102894,-1.32572,4399.91,-3875.52,40.9339,910.334,0.0638281,4.9449,0.000186012
71,0.0104241,-1.36261,4399.91,-3875.56,41.772,905.241,0.0625802,4.93456,-0.000305487
71,0.0105018,-1.32565,4399.9,-3875.38,41.6487,906.411,0.0632002,4.9552,0.000409999
71,0.0109555,-1.30713,4399.9,-3875.5,43.4484,896.731,0.0617777,4.97673,-0.000256639
71,0.0104309,-1.37565,4399.91,-3875.55,41.3811,907.653,0.0633135,4.90838,-0.00058452
71,0.0108747,-1.36185,4399.9,-3875.49,43.4736,896.445,0.0619564,4.91082,-4.69144e-05
71,0.0106376,-1.36785,4399.9,-3875.46,42.4457,901.972,0.0627959,4.91449,-3.88463e-05
71,0.0102181,-1.36126,4399.91,-3875.59,40.8029,910.971,0.0640862,4.91929,-0.000321011
71,0.0108479,-1.35678,4399.9,-3875.55,43.3613,897.049,0.0618492,4.91978,-8.06342e-05
71,0.0108978,-1.38366,4399.9,-3875.46,43.674,895.164,0.0612924,4.90097,-0.000335077
71,0.0102991,-1.34762,4399.91,-3875.43,41.3248,908.014,0.063428,4.93159,-0.000223828
71,0.0106708,-1.35456,4399.9,-3875.55,42.9598,899.282,0.0622551,4.93221,-0.000126141
71,0.0106514,-1.36415,4399.9,-3875.6,43.3087,897.164,0.0617137,4.90061,-0.000131525
71,0.0105807,-1.37428,4399.9,-3875.5,42.1206,903.796,0.0627941,4.90314,-0.000447944
71,0.0102393,-1.33956,4399.91,-3875.6,40.6598,912.109,0.0642037,4.941,-0.000266216
71,0.0109639,-1.31623,4399.9,-3875.48,43.9208,894.033,0.0614399,4.96425,0.000329292
71,0.0108577,-1.31787,4399.9,-3875.49,43.3557,897.207,0.0616615,4.96151,0.000253188
71,0.0104382,-1.3936,4399.91,-3875.44,41.9596,904.714,0.0627026,4.88762,-0.000589349
71,0.0108624,-1.35431,4399.9,-3875.55,43.0506,898.823,0.062133,4.93021,6.87676e-06
71,0.0102464,-1.36942,4399.91,-3875.56,40.9671,910.15,0.0639029,4.92052,-0.000142646
71,0.0108737,-1.334,4399.9,-3875.57,43.498,896.624,0.0620242,4.93175,-0.00036134
71,0.0105005,-1.33279,4399.9,-3875.54,42.0339,904.344,0.0629896,4.9477,0.000231615
71,0.0103538,-1.35062,4399.91,-3875.54,41.5471,906.899,0.0632915,4.93871,9.95518e-05
71,0.010407,-1.36785,4399.91,-3875.37,41.2508,908.272,0.0632319,4.91595,-4.91654e-05
71,0.0106654,-1.38062,4399.9,-3875.38,42.3948,902.335,0.0625613,4.90193,-0.000208491
71,0.0105232,-1.38394,4399.91,-3875.41,41.8063,905.258,0.0628377,4.90305,-0.000306155
71,0.0107663,-1.29269,4399.9,-3875.5,43.2194,898.032,0.0620548,4.96281,0.00023444
71,0.0108515,-1.35337,4399.9,-3875.59,43.4589,896.298,0.0613168,4.94182,8.99912e-05
71,0.0107602,-1.37758,4399.9,-3875.39,43.0956,898.169,0.0617268,4.90669,-0.000407874
71,0.0108017,-1.31212,4399.9,-3875.51,42.7346,900.236,0.0618563,4.96073,0.000161009
71,0.0110919,-1.33887,4399.89,-3875.51,43.9114,894.459,0.0618591,4.94996,0.00023443
71,0.0110386,-1.33753,4399.89,-3875.57,43.9878,893.726,0.0615698,4.93466,-0.000102473
71,0.0107153,-1.37137,4399.9,-3875.5,43.0572,898.478,0.061813,4.90622,-6.6792e-05
71,0.0101899,-1.35114,4399.91,-3875.58,40.9657,909.945,0.0635492,4.92608,-6.78798e-05
71,0.0107411,-1.39618,4399.9,-3875.43,43.0783,898.645,0.0618125,4.88794,-0.000781805
71,0.0109177,-1.35165,4399.9,-3875.61,43.3118,897.317,0.0616132,4.92832,-0.000257306
71,0.010713,-1.3925,4399.9,-3875.54,42.6559,901.025,0.0623031,4.89293,-9.43204e-05
71,0.0104042,-1.37866,4399.91,-3875.56,41.8511,905.152,0.0630661,4.9061,-0.000640393
71,0.010924,-1.36912,4399.9,-3875.45,43.971,893.752,0.061686,4.90813,-0.000383186
71,0.0110152,-1.32832,4399.9,-3875.55,44.0398,893.427,0.0612339,4.94369,0.000330981
71,0.0102522,-1.35436,4399.91,-3875.39,41.0176,909.455,0.0632916,4.92401,-0.000383539
71,0.0107213,-1.29999,4399.9,-3875.53,42.8651,899.903,0.0621282,4.98144,0.000168949
71,0.0106557,-1.35482,4399.9,-3875.55,42.3675,902.412,0.0626122,4.92526,-0.000388851
71,0.0107543,-1.35664,4376.46,-3875.46,42.7526,901.975,0.0625657,4.92371,-0.00044852
71,0.0104001,-1.34862,4399.91,-3875.38,41.2092,908.632,0.0634769,4.93013,-0.000204
71,0.0102622,-1.35882,4399.91,-3875.5,40.9445,910.031,0.0634768,4.92609,-2.58749e-05
71,0.0105009,-1.3064,4399.9,-3875.43,41.8829,905.173,0.0629763,4.969,0.000324876
71,0.0107227,-1.31529,4399.9,-3875.5,42.1962,903.522,0.0627891,4.95937,0.000174479
71,0.0110009,-1.35365,4399.89,-3875.45,43.9034,894.209,0.0615397,4.92754,8.88029e-07
71,0.010331,-1.37019,4399.91,-3875.44,40.769,911.132,0.0637865,4.92277,-6.40426e-05
71,0.0104107,-1.36011,4399.9,-3875.43,41.6852,906.097,0.0632353,4.91619,-2.39827e-05
71,0.0104893,-1.32098,4399.9,-3875.56,42.1408,903.515,0.0625828,4.95933,0.000399955
71,0.0106424,-1.35211,4399.9,-3875.44,42.2941,902.745,0.0625889,4.92916,-0.000114213
71,0.0103381,-1.3315,4399.91,-3875.4,41.1687,908.976,0.0634178,4.95714,0.000643079
71,0.0106969,-1.29295,4399.9,-3875.38,42.6953,901.034,0.0626483,4.98531,0.000439406
71,0.0103115,-1.35778,4399.91,-3875.49,40.8189,910.331,0.0631479,4.91942,-7.65543e-05
71,0.010803,-1.37462,4399.9,-3875.42,42.979,898.932,0.0620197,4.91171,-0.000451401
71,0.0104912,-1.36941,4399.9,-3875.48,41.7956,905.491,0.0630081,4.90283,-0.000446057
71,0.0106973,-1.37178,4399.9,-3875.42,42.482,901.56,0.0623442,4.90825,-0.000171461
71,0.0111323,-1.36683,4399.89,-3875.59,43.8268,894.827,0.0618437,4.92073,-0.000618985
71,0.0107987,-1.3517,4399.9,-3875.6,43.0732,898.668,0.0622465,4.92864,-0.000490829
71,0.0105842,-1.36973,4399.9,-3875.61,41.4691,907.423,0.0634504,4.92171,-0.000289437
71,0.0104804,-1.37589,4399.9,-3875.4,41.4475,907.111,0.0630031,4.91035,-0.000268965
71,0.0111022,-1.38228,4399.89,-3875.6,43.7507,895.235,0.0618344,4.90503,-9.1199e-05
71,0.0105142,-1.34633,4399.91,-3875.49,41.5735,907.045,0.0636663,4.94117,-0.000159468
71,0.0104868,-1.3234,4399.9,-3875.54,42.2838,903.407,0.0631059,4.97029,0.000214111
71,0.0106037,-1.35349,4399.9,-3875.61,41.5401,906.632,0.0628086,4.92608,-0.000210478
71,0.0109935,-1.36507,4399.9,-3875.57,43.9433,893.819,0.061396,4.91255,-0.000195447
71,0.0104908,-1.36756,4399.91,-3875.39,41.5273,906.82,0.0631708,4.92289,-0.000349524
71,0.0103804,-1.32653,4399.91,-3875.43,41.294,908.309,0.06343,4.95185,-5.15447e-05
71,0.00811321,-1.70766,4399.94,-3875.55,41.2867,908.186,0.0633136,4.93481,-0.000243145
71,0.010721,-1.30244,4399.9,-3875.54,42.6019,901.552,0.062643,4.98214,0.000531569
71,0.0109406,-1.32384,4399.9,-3875.46,44.0166,893.304,0.0604587,4.95742,0.000243073
71,0.0106778,-1.31743,4399.9,-3875.41,42.6537,900.683,0.0621469,4.96207,-0.000395066
71,0.0110024,-1.3249,4399.9,-3875.44,43.506,896.389,0.0616009,4.95729,-0.000126724
71,0.0107734,-1.38075,4399.9,-3875.38,42.6587,901.094,0.0630329,4.90963,2.64876e-05
71,0.0106039,-1.3807,4399.9,-3875.63,41.9992,904.639,0.0629479,4.89709,-0.000463915
71,0.010873,-1.32596,4399.9,-3875.44,43.3286,897.553,0.0621955,4.94791,0.000475354
71,0.0110409,-1.37753,4399.89,-3875.62,43.7991,894.905,0.0619479,4.90036,-0.000460513
71,0.0109827,-1.32038,4399.9,-3875.48,43.8706,894.298,0.0612482,4.9583,0.000659241
71,0.010959,-1.40246,4399.89,-3875.57,43.114,898.522,0.0620284,4.88777,-0.000650026
71,0.0101897,-1.30349,4399.91,-3875.43,41.0613,909.618,0.0636539,4.96315,-0.000138723
71,0.0110227,-1.34779,4399.89,-3875.5,43.8197,894.562,0.0611492,4.92818,5.00872e-05
71,0.0105878,-1.31278,4399.9,-3875.42,42.3554,902.694,0.0628202,4.97216,0.000243682
71,0.0104784,-1.31569,4399.91,-3875.59,42.1293,903.988,0.0631015,4.95512,0.000337349
71,0.0109025,-1.32177,4399.9,-3875.5,43.3883,896.966,0.0617161,4.95596,0.000572017
71,0.010774,-1.37017,4399.9,-3875.6,43.2016,897.806,0.0618673,4.90528,-0.00059031
71,0.0111364,-1.34763,4399.89,-3875.51,44.0895,893.158,0.0611157,4.9333,-0.000188963
71,0.0106293,-1.30293,4399.9,-3875.62,41.9785,904.767,0.0628365,4.98096,0.000750272
71,0.0110172,-1.35582,4399.89,-3875.54,43.7818,895.053,0.0617841,4.92559,-0.000310026
71,0.0109477,-1.35669,4399.9,-3875.58,43.8391,894.663,0.0616927,4.93427,0.000110589
71,0.0108389,-1.40239,4399.9,-3875.53,41.4993,907.087,0.062983,4.90598,-0.000418583
71,0.0105195,-1.40505,4399.9,-3875.43,42.0076,904.398,0.0626311,4.89222,-0.000655606
71,0.0107336,-1.38317,4399.9,-3875.56,42.606,901.318,0.0622786,4.88833,-0.000636006
71,0.0107185,-1.3234,4399.9,-3875.59,42.6477,900.943,0.0620319,4.97857,0.000244051
71,0.0110163,-1.34435,4399.89,-3875.5,43.9874,893.815,0.0616348,4.93173,-9.81897e-05
71,0.0109402,-1.32267,4399.9,-3875.6,43.3034,897.65,0.0620868,4.96119,-0.000110135
71,0.0110443,-1.33543,4399.89,-3875.6,44.1576,893.128,0.0616764,4.9512,-4.0478e-06
71,0.0108122,-1.36962,4399.9,-3875.51,43.5001,895.936,0.0612621,4.91646,-7.34091e-05
71,0.0109995,-1.34602,4399.9,-3875.45,43.667,895.392,0.0614516,4.92487,-0.0001932
71,0.0103945,-1.33519,4399.91,-3875.5,41.5051,907.481,0.0637636,4.9366,0.000157393
71,0.0105405,-1.30305,4399.9,-3875.37,42.3246,902.565,0.0623966,4.97414,0.000250772
71,0.0109183,-1.33101,4399.9,-3875.51,43.5031,896.152,0.0611942,4.94604,-0.000338358
71,0.0107204,-1.35421,4399.9,-3875.59,42.5169,901.563,0.062451,4.91624,-0.000278664
71,0.0104693,-1.2949,4399.91,-3875.47,41.8729,905.223,0.0629669,4.97945,0.000459194
71,0.0103675,-1.28417,4399.91,-3875.48,41.6364,906.127,0.063113,4.96861,0.000194626
71,0.010787,-1.38159,4399.9,-3875.4,43.3405,897.322,0.0619027,4.88967,-0.00053515
71,0.0109322,-1.31935,4399.9,-3875.51,43.596,896.151,0.061789,4.96794,0.000199874
71,0.0107551,-1.34544,4399.9,-3875.61,42.6979,900.85,0.0626622,4.93505,-4.43535e-05
71,0.0103789,-1.33769,4399.91,-3875.57,41.2531,908.75,0.0638863,4.94776,-8.16069e-05
71,0.00992952,-1.31275,4399.91,-3875.62,43.3742,896.675,0.0613039,4.94522,0.00036027
71,0.0107987,-1.2922,4399.9,-3875.57,42.8646,899.703,0.0617724,4.98123,0.000673702
71,0.0107582,-1.29905,4399.9,-3875.46,42.7141,901,0.0626969,4.97795,0.000268458
71,0.0103467,-1.35741,4399.91,-3875.55,41.3463,908.064,0.0636636,4.92254,-0.000160473
71,0.0103755,-1.37248,4399.91,-3875.41,41.2768,907.879,0.062976,4.91595,-2.63943e-05
71,0.0105693,-1.29158,4399.9,-3875.57,42.4359,902.385,0.0626156,4.98086,0.000576303
71,0.0103806,-1.29889,4399.91,-3875.49,41.5202,907.302,0.0635358,4.9565,0.000130799
71,0.0106746,-1.30713,4399.9,-3875.45,42.4714,902.2,0.0628207,4.97877,0.000124685
71,0.0108008,-1.38297,4399.9,-3875.4,42.8219,899.869,0.0621399,4.90385,-0.000789291
71,0.0108456,-1.30957,4399.9,-3875.6,43.012,899.191,0.0621241,4.97293,0.000406083
71,0.0102219,-1.35372,4399.91,-3875.38,40.5412,912.295,0.0641125,4.93173,0.000234688
71,0.0108975,-1.36934,4399.9,-3875.55,43.5792,895.952,0.0617675,4.90731,-0.00013165
71,0.0103453,-1.37788,4399.91,-3875.4,41.3765,907.477,0.0630681,4.91077,-0.000251368
71,0.0109922,-1.32021,4399.9,-3875.62,43.0318,898.925,0.0620141,4.97004,0.000220373
71,0.0107153,-1.35428,4399.9,-3875.42,42.6618,900.781,0.0622986,4.92423,-6.26879e-05
71,0.0104926,-1.32462,4399.9,-3875.39,41.76,905.883,0.0633282,4.94769,-0.000109526
71,0.0106809,-1.31673,4399.9,-3875.49,42.7428,900.647,0.0622198,4.97273,0.000522508
71,0.0107176,-1.39576,4399.9,-3875.59,42.7817,900.38,0.0620762,4.88552,-0.000499143
71,0.0110218,-1.31878,4399.9,-3875.47,43.5078,896.606,0.0618605,4.95924,0.00045075
71,0.0106806,-1.36195,4399.9,-3875.53,42.3777,902.464,0.0628199,4.93099,-3.86316e-05
71,0.0108505,-1.3173,4399.9,-3875.49,43.1952,898.133,0.0621457,4.9647,0.000533431
71,0.0107646,-1.33698,4399.9,-3875.6,43.2502,897.579,0.0617347,4.95416,0.000156002
71,0.0109731,-1.36209,4399.9,-3875.53,43.1029,898.192,0.0617733,4.91693,-0.00020137
71,0.0108679,-1.3659,4399.9,-3875.4,43.5385,896.115,0.0617733,4.92209,-0.000283007
71,0.0107199,-1.35367,4399.9,-3875.41,42.9577,899.332,0.0623245,4.93666,0.000335036
71,0.010908,-1.31413,4399.9,-3875.54,43.4549,896.641,0.0618192,4.9585,-0.000156212
71,0.0106759,-1.31438,4399.9,-3875.56,41.9153,904.755,0.0627905,4.95823,0.000247168
71,0.0103072,-1.38838,4399.91,-3875.48,41.446,907.363,0.063222,4.90237,-0.000360969
71,0.0103351,-1.37467,4399.91,-3875.57,40.7216,911.096,0.0635668,4.93023,6.45721e-05
71,0.0104064,-1.36568,4399.91,-3875.46,41.2474,908.698,0.063764,4.92524,-5.48625e-06
71,0.0106242,-1.32566,4399.9,-3875.57,42.3422,902.721,0.0627376,4.96639,0.00059837
71,0.0106758,-1.37353,4399.9,-3875.54,42.4451,901.979,0.0627173,4.9158,-0.000388607
71,0.0105574,-1.34894,4399.9,-3875.57,42.0581,903.944,0.0627141,4.93268,0.000110263
71,0.0105333,-1.31244,4399.9,-3875.48,41.9523,904.795,0.062805,4.97226,0.000546296
71,0.0105588,-1.37066,4399.9,-3875.48,41.4399,907.291,0.0632465,4.90878,-0.000557904
71,0.0108925,-1.34816,4399.9,-3875.62,43.4129,896.951,0.0618964,4.93443,-8.51763e-06
71,0.010832,-1.29544,4399.9,-3875.52,42.9078,899.636,0.0619716,4.98335,0.000649689
71,0.0110801,-1.31556,4399.89,-3875.47,43.9982,893.53,0.0612036,4.95672,0.000487345
71,0.0107146,-1.3884,4399.9,-3875.62,42.4372,902.051,0.0626572,4.90174,-0.000247525
71,0.0110154,-1.37704,4399.89,-3875.38,43.7009,895.305,0.0618303,4.911,-7.18196e-05
71,0.0102374,-1.32435,4399.91,-3875.52,41.0669,909.34,0.063421,4.94245,0.000304043
71,0.010894,-1.34192,4399.9,-3875.55,43.4098,896.665,0.061629,4.93624,-3.4328e-05
71,0.0106297,-1.38515,4399.9,-3875.48,42.1751,903.36,0.0628659,4.90875,-0.000338207
71,0.0107702,-1.29152,4399.9,-3875.4,43.1401,898.552,0.0619784,4.97764,0.000713312
71,0.0107573,-1.35577,4399.9,-3875.61,43.4327,896.403,0.0615072,4.92655,7.64387e-05
71,0.0107806,-1.30689,4399.9,-3875.61,42.6362,901.31,0.0625305,4.97696,0.000430764
71,0.0109485,-1.34473,4399.9,-3875.39,43.8262,894.513,0.0615549,4.9363,0.00023562
71,0.0107686,-1.38666,4399.9,-3875.55,42.5172,901.842,0.0624924,4.89485,-0.000465017
71,0.0105911,-1.31938,4399.9,-3875.39,42.1698,903.757,0.0630199,4.96219,0.000632825
71,0.0103505,-1.31642,4399.91,-3875.44,41.3423,908.09,0.0635086,4.955,0.000218159
71,0.010645,-1.36945,4399.9,-3875.44,42.7933,900.232,0.0625811,4.91011,-0.00045482
71,0.010774,-1.34484,4399.9,-3875.37,42.9805,899.216,0.0621089,4.94325,0.000208009
71,0.0103583,-1.35269,4399.91,-3875.39,41.4488,907.564,0.0638933,4.92907,-0.000394484
71,0.0107808,-1.32933,4399.9,-3875.56,43.2561,897.693,0.0618706,4.94939,0.000303463
71,0.0102824,-1.33134,4399.91,-3875.46,41.0536,909.677,0.0636606,4.94626,2.40472e-06
71,0.010757,-1.38208,4399.9,-3875.48,42.9497,899.109,0.0620287,4.90124,-0.000744415
71,0.0102519,-1.32675,4399.91,-3875.61,41.5633,906.957,0.06361,4.94261,-0.000213768
71,0.0103404,-1.34064,4399.91,-3875.39,41.444,907.262,0.0632132,4.939,-1.66256e-05
71,0.0103945,-1.40249,4399.91,-3875.42,41.4116,907.944,0.0637697,4.89773,1.48788e-06
71,0.0107822,-1.30388,4399.9,-3875.38,42.8206,900.039,0.0620796,4.97579,0.000378688
71,0.0105348,-1.30691,4399.91,-3875.4,41.8014,905.575,0.0629894,4.96735,0.000280485
71,0.0105726,-1.39998,4399.9,-3875.38,42.0343,904.841,0.0631931,4.88693,-0.000398475
71,0.0105805,-1.38719,4399.9,-3875.44,42.4107,902.189,0.0626463,4.90485,-0.000619872
71,0.0105654,-1.36681,4399.9,-3875.62,42.555,900.981,0.0611332,4.91326,0.000353479
71,0.0104888,-1.33021,4399.91,-3875.42,41.7387,905.738,0.0628946,4.94886,0.000206359
71,0.0109474,-1.37805,4399.9,-3875.53,43.4199,897.035,0.0619535,4.8942,-0.000357529
71,0.0103641,-1.34326,4399.91,-3875.42,41.2097,908.804,0.0635732,4.94395,0.000198096
71,0.011,-1.36829,4399.9,-3875.4,43.5907,895.863,0.0617326,4.90879,-0.000228606
71,0.0110713,-1.32456,4355.12,-3875.39,43.6319,898.813,0.0617769,4.96669,0.00046216
71,0.0109444,-1.3484,4399.89,-3875.39,43.5124,896.456,0.0617879,4.94118,-0.000497481
71,0.0104103,-1.33807,4399.91,-3875.39,41.3066,908.163,0.0634224,4.9441,-0.000168001
71,0.0111031,-1.35159,4399.89,-3875.43,43.9126,894.058,0.0614055,4.92693,-0.000248607
71,0.010719,-1.39777,4399.9,-3875.46,42.6327,901.153,0.0620712,4.88491,-0.000617045
71,0.0104862,-1.34435,4399.91,-3875.47,42.0607,904.08,0.0628664,4.94092,0.000311954
71,0.0106007,-1.33237,4399.9,-3875.49,42.2015,903.731,0.0631574,4.95137,-0.000186454
71,0.0106772,-1.33301,4399.9,-3875.58,43.0928,898.803,0.062217,4.95067,0.000225634
71,0.0106846,-1.38927,4399.9,-3875.58,42.5831,901.272,0.0622339,4.89595,-0.00092897
71,0.0110209,-1.32111,4399.9,-3875.48,43.6132,896.021,0.0616779,4.96251,0.000342799
71,0.0105753,-1.3287,4399.9,-3875.43,42.1211,903.614,0.0626377,4.95514,2.31248e-05
71,0.0104516,-1.37763,4399.91,-3875.6,41.6054,906.352,0.0629216,4.90254,-0.000427738
71,0.0106226,-1.35785,4399.9,-3875.48,41.8232,905.33,0.0630676,4.9334,1.04964e-05
71,0.010527,-1.32451,4399.9,-3875.62,41.7398,905.992,0.06309,4.95579,0.000493224
71,0.0102119,-1.34977,4399.91,-3875.61,41.1632,909.024,0.0637678,4.92339,-0.000333702
71,0.0107584,-1.38561,4399.9,-3875.52,42.932,899.726,0.0623034,4.8907,-0.000781874
71,0.0107545,-1.33325,4399.9,-3875.62,42.4012,902.532,0.0628735,4.95691,-8.57328e-06
71,0.0106942,-1.39606,4399.9,-3875.4,42.5865,901.48,0.0627371,4.89425,-0.000497265
71,0.010391,-1.31248,4399.91,-3875.48,41.9138,905.352,0.0634952,4.96909,0.000632954
71,0.0106486,-1.33429,4399.9,-3875.59,42.6122,901.106,0.0625176,4.9349,-0.000359259
71,0.0105536,-1.34041,4399.9,-3875.39,42.1812,903.303,0.0626603,4.94285,0.00031211
71,0.0108255,-1.3696,4399.9,-3875.44,42.9089,899.4,0.0622119,4.90904,-0.000650542
71,0.0109971,-1.32443,4399.89,-3875.42,43.1481,898.458,0.0620358,4.96155,3.40821e-05
71,0.0105389,-1.34567,4399.9,-3875.55,41.9758,904.576,0.0631967,4.92517,-0.000413625
71,0.0113112,-1.35586,4399.89,-3875.61,44.0358,893.908,0.0618911,4.91949,1.16564e-07
71,0.0103765,-1.35942,4399.91,-3875.55,41.3549,907.773,0.0634635,4.92096,-9.77172e-05
71,0.0107538,-1.3948,4399.9,-3875.61,42.6013,905.635,0.0630658,4.92511,-0.000202108
71,0.0110417,-1.34193,4399.9,-3875.38,44.2041,892.543,0.0612832,4.94029,9.97102e-05
71,0.0106481,-1.37836,4399.9,-3875.49,42.3,902.557,0.0626061,4.9127,-0.000155149
71,0.0110293,-1.34819,4399.89,-3875.44,44.1179,893.483,0.0618661,4.94466,-0.000312819
71,0.0107499,-1.33956,4399.9,-3875.5,42.8028,900.177,0.0623529,4.94562,-0.000200907
71,0.0107914,-1.38192,4399.9,-3875.62,43.2132,898.076,0.0621018,4.89458,-0.000721915
71,0.0110587,-1.30823,4399.89,-3875.59,43.3032,897.665,0.0620481,4.96261,0.000485798
71,0.0108019,-1.31228,4399.9,-3875.38,42.7678,900.332,0.0620238,4.96959,0.000524534
71,0.0105844,-1.29212,4399.9,-3875.44,41.9032,905.137,0.0629367,4.97817,0.0003271
71,0.0109096,-1.36353,4399.9,-3875.46,43.3103,897.607,0.0622291,4.92108,0.00018517
71,0.0104582,-1.37,4399.91,-3875.41,41.3577,907.417,0.0628562,4.91472,-0.000251588
71,0.0107007,-1.28131,4399.9,-3875.57,41.9802,904.882,0.0630865,4.97742,0.000419613
71,0.0112147,-1.34457,4399.89,-3875.43,44.0538,893.461,0.0611579,4.93151,0.000158358
71,0.0108703,-1.33259,4399.9,-3875.59,43.038,898.722,0.0619172,4.93676,-0.00019976
71,0.0103481,-1.30976,4399.91,-3875.53,41.5556,906.858,0.0630269,4.96649,-6.88881e-05
71,0.0104689,-1.3552,4399.9,-3875.38,41.7826,905.379,0.062953,4.92548,0.000145611
71,0.0106469,-1.34501,4399.9,-3875.39,42.2832,903.034,0.062962,4.93595,0.000172939
71,0.0107702,-1.37614,4399.9,-3875.45,42.8617,899.72,0.0622308,4.90639,-0.000295018
71,0.0106727,-1.38248,4399.9,-3875.45,42.599,900.964,0.062153,4.89863,-0.000925277
71,0.0105674,-1.39017,4399.9,-3875.52,41.7597,905.862,0.0629101,4.8911,-0.000735469
71,0.010495,-1.34428,4399.91,-3875.51,42.1738,903.025,0.0622041,4.92627,-6.70614e-05
71,0.0106546,-1.31052,4399.9,-3875.5,42.625,901.294,0.0624598,4.97821,0.000406293
71,0.0102379,-1.35865,4399.91,-3875.54,40.6878,911.497,0.0640184,4.9192,-0.00025861
71,0.0109407,-1.36464,4399.9,-3875.49,43.2151,897.681,0.0618318,4.9156,-5.24212e-05
71,0.0106117,-1.27664,4399.9,-3875.43,41.6808,906.54,0.0634519,4.96803,0.000323194
71,0.0106529,-1.33501,4399.9,-3875.57,43.5445,896.221,0.0618412,4.92962,-0.000496917
71,0.0111369,-1.34404,4399.89,-3875.61,44.0269,893.868,0.0617305,4.93791,-6.99751e-05
71,0.0107513,-1.39016,4399.9,-3875.59,43.2267,897.649,0.0616541,4.89525,-0.000486695
71,0.0109166,-1.34204,4399.9,-3875.53,43.3207,897.325,0.0619487,4.92964,-0.000139227
71,0.010431,-1.31367,4399.91,-3875.53,41.6236,906.577,0.0631395,4.97015,0.000682316
71,0.0108258,-1.37622,4399.9,-3875.59,43.1997,897.9,0.0615258,4.89521,-0.000135944
71,0.0106511,-1.3165,4399.9,-3875.61,42.7906,899.981,0.0618922,4.95992,-0.000399897
71,0.0105523,-1.29565,4399.9,-3875.53,41.9995,905.3,0.0636681,4.97092,0.000321902
71,0.0105166,-1.37693,4399.9,-3875.45,42.0134,904.393,0.0631878,4.90762,-0.000195159
71,0.0101971,-1.3581,4399.91,-3875.47,41.0654,909.211,0.0633666,4.92442,-0.000180354
71,0.0106249,-1.35304,4399.9,-3875.38,42.3683,902.179,0.0624515,4.92596,-0.000102842
71,0.0108844,-1.30722,4399.9,-3875.38,42.9201,899.78,0.0623061,4.96849,0.000354744
71,0.0104825,-1.33224,4399.91,-3875.49,41.8377,905.241,0.0629665,4.94028,-0.000136968
71,0.0107858,-1.30501,4399.9,-3875.39,42.8679,899.878,0.0621636,4.97505,0.000360206
71,0.0109507,-1.32171,4399.9,-3875.57,43.2702,897.973,0.062261,4.94809,-0.000128864
71,0.0104581,-1.36102,4399.9,-3875.43,41.7361,905.53,0.0627804,4.91907,-0.000163176
71,0.0104216,-1.31116,4399.91,-3875.61,41.15,908.852,0.0630741,4.96289,0.000756265
71,0.010608,-1.38808,4399.9,-3875.49,42.295,902.733,0.0624619,4.89988,-0.000741491
71,0.0107935,-1.31046,4399.9,-3875.5,43.0668,898.76,0.0618241,4.97297,5.72192e-05
71,0.0106126,-1.40078,4399.9,-3875.41,42.3086,902.974,0.0626096,4.88653,-0.000548366
71,0.0105659,-1.39902,4399.9,-3875.42,42.0626,904.174,0.062763,4.89231,-0.000500699
71,0.0108104,-1.3511,4399.9,-3875.53,42.9044,899.475,0.0621743,4.93534,-1.77603e-05
71,0.0104933,-1.37979,4399.91,-3875.37,41.6322,906.501,0.0634197,4.90686,-0.000219057
71,0.0104222,-1.38778,4399.91,-3875.53,41.9238,904.614,0.0626199,4.89883,-0.000894614
71,0.0107166,-1.37525,4399.9,-3875.45,42.5556,901.561,0.0625764,4.89749,-0.000801264
71,0.0104994,-1.36565,4399.9,-3875.58,41.4817,906.897,0.0629486,4.91202,-0.000303122
71,0.0108252,-1.34273,4399.9,-3875.57,43.6504,895.613,0.0616751,4.93673,-0.000316555
71,0.0104861,-1.3349,4399.9,-3875.53,42.0157,904.089,0.0623808,4.95765,0.000256208
71,0.011123,-1.3543,4399.89,-3875.57,43.909,894.002,0.0612264,4.94093,2.70864e-05
71,0.0106895,-1.33563,4399.9,-3875.43,42.3044,902.594,0.0622865,4.94519,0.000422512
71,0.0106075,-1.36083,4399.9,-3875.39,42.9897,898.916,0.0620975,4.9255,-0.000368006
71,0.0111845,-1.35448,4399.89,-3875.44,44.1706,892.744,0.0612391,4.93607,-3.50069e-05
71,0.0111543,-1.241,4399.89,-3875.59,44.0307,893.496,0.0613167,4.93213,0.000207548
71,0.0101324,-1.32519,4399.91,-3875.47,41.4923,907.39,0.0632834,4.96652,-2.04793e-05
71,0.0101632,-1.3382,4399.91,-3875.51,40.671,911.414,0.0635859,4.93056,-0.000413432
71,0.0106702,-1.35944,4399.9,-3875.56,42.2735,902.557,0.0624518,4.91526,-2.32398e-05
71,0.0108774,-1.32793,4399.9,-3875.39,43.4293,897.026,0.0620636,4.95008,6.66213e-05
71,0.0105829,-1.29052,4399.9,-3875.48,42.0035,904.55,0.0628648,4.97487,0.000332456
71,0.0105759,-1.38143,4399.9,-3875.43,42.1884,902.99,0.062509,4.9104,-0.000210543
71,0.0106694,-1.37778,4399.9,-3875.4,42.6225,900.908,0.0622895,4.90272,-0.000350536
71,0.0108149,-1.39702,4399.9,-3875.48,43.2346,897.831,0.0621134,4.89164,0.000123795
71,0.0111412,-1.36236,4399.89,-3875.55,43.0939,898.745,0.0623877,4.93332,0.000155884
71,0.0107301,-1.34426,4399.9,-3875.55,43.2483,897.86,0.0621411,4.93194,-2.01032e-05
71,0.010525,-1.31946,4399.9,-3875.58,42.5907,901.336,0.0625949,4.96071,7.84919e-05
71,0.0105178,-1.3227,4399.9,-3875.53,41.6406,906.557,0.0630014,4.96475,0.000436678
71,0.0109027,-1.33359,4399.9,-3875.51,43.2001,897.808,0.061736,4.9463,-7.09406e-05
71,0.0107356,-1.3312,4399.9,-3875.61,42.5403,901.691,0.0627243,4.95629,0.00037085
71,0.0108273,-1.33039,4399.9,-3875.61,42.7959,900.267,0.0625871,4.96007,-9.13554e-05
71,0.0102394,-1.3357,4399.91,-3875.45,40.6565,911.551,0.0635839,4.93965,-0.000157113
71,0.010558,-1.29924,4399.9,-3875.58,42.2964,902.803,0.0624816,4.97692,0.000308531
71,0.0107362,-1.38782,4399.9,-3875.55,42.8012,900.312,0.0623727,4.89116,-0.000540542
71,0.0105368,-1.3665,4399.9,-3875.56,41.9501,904.796,0.0629881,4.90436,-3.17273e-05
71,0.0103963,-1.38243,4399.91,-3875.49,41.757,905.584,0.0633508,4.91199,-1.09088e-05
71,0.0107193,-1.32976,4399.9,-3875.51,42.6515,900.734,0.0621395,4.94371,-2.29191e-05
71,0.0107218,-1.37753,4399.9,-3875.55,43.1109,898.271,0.0618732,4.90391,-0.000661248
71,0.0105413,-1.37916,4399.9,-3875.38,41.7407,905.351,0.0626038,4.91137,-0.000254745
71,0.0106966,-1.35309,4399.9,-3875.49,42.4288,901.971,0.0625121,4.91714,6.15172e-05
71,0.0102457,-1.34616,4399.91,-3875.38,40.6895,911.709,0.0641189,4.93484,-0.000327435
71,0.010791,-1.29885,4399.9,-3875.43,42.8138,900.491,0.0623572,4.97942,0.000438881
71,0.010553,-1.35679,4399.9,-3875.42,41.3491,908.015,0.0635254,4.91445,0.000217231
71,0.010537,-1.30036,4399.9,-3875.61,41.8501,905.533,0.0632327,4.97448,0.000578262
71,0.010837,-1.30728,4399.9,-3875.42,43.3132,897.817,0.0622559,4.97189,0.000384466
71,0.0108243,-1.39629,4399.9,-3875.4,43.0617,898.616,0.061597,4.88722,-4.2228e-06
71,0.0106016,-1.35152,4399.9,-3875.46,42.1659,903.476,0.0628066,4.92867,-0.000105977
71,0.0102827,-1.37224,4399.91,-3875.45,41.2968,907.93,0.0631172,4.92419,-0.000132637
71,0.0107832,-1.32975,4399.9,-3875.44,42.9222,899.259,0.0619931,4.95207,2.17098e-05
71,0.0108414,-1.31054,4399.9,-3875.46,43.2493,898.244,0.0623822,4.97046,0.000821006
71,0.0108449,-1.30433,4399.9,-3875.39,43.3601,897.257,0.0617633,4.96984,0.000401176
71,0.0106949,-1.33535,4399.9,-3875.51,42.7609,900.24,0.0621797,4.94888,-0.000349415
71,0.0108852,-1.31923,4399.9,-3875.58,43.6047,895.895,0.0615252,4.96993,0.000464286
71,0.0103608,-1.30977,4399.91,-3875.56,41.5202,907.397,0.0636554,4.96696,0.000608493
71,0.0103107,-1.32732,4399.91,-3875.5,40.9583,910.575,0.0641815,4.9589,0.000376096
71,0.0104242,-1.32121,4399.91,-3875.55,41.5711,906.516,0.0629274,4.95066,0.000133702
71,0.0104072,-1.32349,4399.91,-3875.45,41.1091,909.251,0.0633395,4.95928,-2.25607e-05
71,0.0106913,-1.34502,4399.9,-3875.59,43.2297,898.082,0.0624613,4.91984,-3.36145e-05
71,0.0105165,-1.29291,4399.9,-3875.54,41.9766,904.878,0.0630852,4.97764,0.000531485
71,0.0106521,-1.33858,4399.9,-3875.53,42.4673,901.886,0.0627305,4.93502,-1.98644e-05
71,0.0103476,-1.34719,4399.91,-3875.58,40.7942,911.09,0.0637429,4.93597,-0.000934513
71,0.0102109,-1.35304,4399.91,-3875.39,40.8271,910.826,0.0639321,4.93215,0.000264303
71,0.0109931,-1.36948,4399.89,-3875.43,43.8533,894.194,0.0612774,4.91921,-0.00038932
71,0.0105188,-1.31205,4399.91,-3875.43,41.5757,906.736,0.0629793,4.96831,0.000160555
71,0.010969,-1.35505,4399.89,-3875.47,43.8454,893.942,0.0609893,4.91992,-0.000376751
71,0.0102847,-1.36529,4399.91,-3875.49,41.2994,908.025,0.0634807,4.91116,-0.000184232
71,0.0102337,-1.34973,4399.91,-3875.45,40.8183,910.894,0.0637943,4.93457,-0.000207566
71,0.0105566,-1.36061,4399.9,-3875.58,42.2287,903.121,0.0627716,4.91867,7.05578e-05
71,0.0108758,-1.28645,4399.9,-3875.6,42.8276,900.416,0.0624184,4.98285,0.000675441
71,0.0105546,-1.36232,4399.9,-3875.54,41.4057,907.298,0.0631486,4.91185,-0.000277266
71,0.0104907,-1.34825,4399.9,-3875.56,41.4532,907.205,0.0631727,4.92817,-0.000541681
71,0.0104725,-1.34352,4399.91,-3875.46,41.9263,904.648,0.0627755,4.94198,-0.000191733
71,0.0108745,-1.37699,4399.9,-3875.51,43.6536,895.624,0.0619795,4.90975,-0.000500501
71,0.0104898,-1.3595,4399.91,-3875.43,42.143,903.448,0.0625782,4.92735,-0.000326251
71,0.0104973,-1.34188,4399.9,-3875.55,41.7839,905.249,0.0626485,4.94271,-0.000214835
71,0.0105509,-1.37152,4399.9,-3875.45,41.6528,906.415,0.0633534,4.91613,-0.000655799
71,0.0105724,-1.39324,4399.9,-3875.54,42.4822,902.251,0.0628242,4.89285,-0.000500383
71,0.010427,-1.33984,4399.91,-3875.53,41.3888,908.022,0.0638152,4.94126,0.000275178
71,0.010317,-1.37708,4399.91,-3875.37,41.1058,909.53,0.0640297,4.90996,-0.000628091
71,0.0105238,-1.35383,4399.9,-3875.58,41.5201,907.002,0.063242,4.92711,-0.000671812
71,0.0106381,-1.33374,4399.9,-3875.39,42.5685,901.361,0.0624889,4.9531,0.000387507
71,0.0105869,-1.31687,4399.9,-3875.58,42.8219,900.401,0.0625936,4.95757,-0.000488683
71,0.0104612,-1.36262,4399.9,-3875.52,41.6465,906.191,0.063177,4.91544,0.000236261
71,0.0110615,-1.35404,4399.89,-3875.53,43.7317,895.061,0.06143,4.92158,-0.000476504
71,0.0105753,-1.34372,4399.9,-3875.58,42.3133,902.585,0.0625047,4.93723,-3.70001e-05
71,0.0105589,-1.33171,4399.9,-3875.55,42.3026,902.534,0.0626334,4.94371,0.000534442
71,0.0104511,-1.37992,4399.91,-3875.62,41.9057,904.864,0.0630552,4.90528,1.24747e-05
71,0.0104458,-1.31242,4399.9,-3875.43,41.9576,904.711,0.0629705,4.9428,-3.43259e-05
71,0.0107314,-1.30188,4399.9,-3875.56,42.2117,903.31,0.0625359,4.97744,3.94672e-05
71,0.0108463,-1.35871,4399.9,-3875.61,42.576,901.037,0.0622256,4.92839,6.96519e-05
71,0.0110552,-1.34977,4399.89,-3875.49,44.1751,892.448,0.0609098,4.92562,1.72093e-05
71,0.0100565,-1.38139,4399.91,-3875.58,41.3582,908.214,0.0638477,4.92027,-0.000370026
71,0.0106505,-1.3421,4399.9,-3875.55,42.7001,900.745,0.062584,4.92345,-0.000155779
71,0.0105507,-1.31345,4399.9,-3875.6,42.5032,902.012,0.0625981,4.97431,0.000802793
71,0.0110876,-1.37504,4399.89,-3875.48,43.8031,894.48,0.0613968,4.90606,-0.000810876
71,0.0104744,-1.33078,4399.9,-3875.55,41.3344,908.043,0.0633014,4.94752,-9.59729e-05
71,0.0108251,-1.39332,4399.9,-3875.51,42.9712,899.07,0.0613068,4.89001,-0.000872656
71,0.0105387,-1.36832,4399.9,-3875.42,42.075,902.888,0.0615189,4.91558,-0.000371845
71,0.0108116,-1.38411,4399.9,-3875.44,43.4195,896.952,0.0619788,4.90045,-0.000463687
71,0.0103638,-1.2995,4399.91,-3875.52,41.5611,907.239,0.063456,4.97274,0.000495783
71,0.0110579,-1.35938,4399.9,-3875.45,44.1305,892.546,0.0608981,4.92417,-9.11616e-05
71,0.0102848,-1.33543,4399.91,-3875.38,41.0376,909.338,0.0631708,4.93582,0.000211162
71,0.0105186,-1.39684,4399.9,-3875.47,42.3338,902.742,0.0625962,4.88853,-0.000320289
71,0.0109833,-1.34179,4399.9,-3875.48,43.625,895.543,0.0616471,4.91512,-0.000329604
71,0.0107633,-1.35817,4399.9,-3875.39,42.4285,901.986,0.0625345,4.921,0.000237158
71,0.0104021,-1.31022,4399.91,-3875.53,41.2649,908.443,0.063209,4.96818,0.00023158
71,0.0106447,-1.35263,4399.9,-3875.47,42.2333,903.062,0.0626575,4.92618,-0.00057711
71,0.0104744,-1.35212,4399.91,-3875.51,41.6413,906.124,0.0629134,4.93329,-9.83868e-05
71,0.0108041,-1.33732,4399.9,-3875.41,42.8361,899.654,0.0617845,4.94918,-7.12773e-05
71,0.0105156,-1.31781,4399.9,-3875.56,42.0965,903.864,0.0625831,4.96751,0.000344538
71,0.0107269,-1.33029,4399.9,-3875.56,43.0176,899.168,0.0623943,4.95001,0.000146683
71,0.00952184,-1.37554,4399.92,-3875.62,40.8761,910.164,0.0635617,4.9204,-0.000340877
71,0.0103342,-1.37869,4399.91,-3875.45,41.2414,908.488,0.0634866,4.9173,-0.000454834
71,0.0105666,-1.38928,4399.9,-3875.57,41.2719,908.127,0.0631761,4.90526,1.22362e-05
71,0.0103226,-1.33004,4399.91,-3875.6,41.6567,906.139,0.0628718,4.95811,-0.000105262
71,0.0105548,-1.33611,4399.9,-3875.45,42.2503,903.232,0.0629666,4.93349,3.53062e-05
71,0.0104535,-1.31082,4399.91,-3875.47,41.5753,907.096,0.0635223,4.969,0.000359551
71,0.0105204,-1.38636,4399.9,-3875.45,41.5764,906.561,0.0631465,4.90994,-9.75307e-05
71,0.0105975,-1.34942,4399.9,-3875.52,42.2479,902.964,0.0625574,4.93311,2.55815e-06
71,0.0108167,-1.37342,4399.9,-3875.42,43.0157,898.937,0.0621219,4.90145,-0.000406425
71,0.0104901,-1.34071,4399.9,-3875.62,41.6704,906.479,0.0633984,4.94996,-0.000210666
71,0.010497,-1.34259,4399.9,-3875.6,41.7309,905.879,0.0631247,4.93977,0.000104907
71,0.0104621,-1.3039,4399.91,-3875.43,41.6887,906.327,0.0631946,4.96988,0.000205016
71,0.0106029,-1.3654,4399.8,-3875.38,42.3208,901.964,0.0619487,4.911,-6.24482e-05
71,0.0104166,-1.36007,4399.91,-3875.43,41.7581,905.51,0.0628306,4.93905,-0.000319793
71,0.0109198,-1.30705,4399.9,-3875.57,43.3842,896.755,0.061361,4.97593,0.000431364
71,0.0110385,-1.33484,4399.89,-3875.45,43.553,896.515,0.0619331,4.94411,-0.000150222
71,0.0103223,-1.317,4399.91,-3875.59,40.9818,909.999,0.0634896,4.95018,0.000309139
71,0.0106523,-1.36584,4399.9,-3875.5,42.7499,900.3,0.0622552,4.89979,-0.000467824
71,0.0103501,-1.40056,4399.91,-3875.43,41.582,906.938,0.0634316,4.89471,-0.000176412
71,0.010489,-1.3098,4399.9,-3875.46,41.505,907.461,0.063491,4.9686,0.000523716
71,0.0106638,-1.38903,4399.9,-3875.4,43.2014,897.985,0.062126,4.90062,-0.000695005
71,0.0102977,-1.32022,4399.91,-3875.53,41.2075,908.897,0.0636994,4.95543,-4.33499e-06
71,0.0102711,-1.33111,4399.91,-3875.4,40.6678,911.402,0.0635623,4.94659,8.82301e-05
71,0.0104226,-1.39555,4399.91,-3875.53,41.9514,904.915,0.062943,4.89169,-0.000570624
71,0.0111628,-1.34744,4399.89,-3875.59,44.0514,893.239,0.0611014,4.94152,-7.12636e-05
71,0.0110142,-1.34263,4399.89,-3875.44,43.8963,894.07,0.0612905,4.93829,0.000223894
71,0.0104621,-1.38326,4399.91,-3875.38,41.7962,905.5,0.0632506,4.90432,-0.000403459
71,0.0108148,-1.3558,4399.9,-3875.45,43.1853,898.171,0.0623528,4.9316,-0.000205119
71,0.0106413,-1.38678,4399.9,-3875.6,42.2332,903.08,0.0624663,4.90397,-0.000498606
71,0.0108119,-1.35025,4399.9,-3875.58,43.0095,898.789,0.0619224,4.93094,-0.000439083
71,0.0107904,-1.29921,4399.9,-3875.57,42.8551,899.99,0.0621456,4.97668,0.000454353
71,0.0109905,-1.38236,4399.9,-3875.61,43.7944,894.714,0.0616047,4.91052,-0.000484281
71,0.0106968,-1.32816,4399.9,-3875.46,42.574,901.63,0.0627914,4.95555,0.000379044
71,0.0107784,-1.32629,4399.9,-3875.59,42.9237,899.305,0.0621903,4.909,-0.000238776
71,0.0102478,-1.33296,4399.91,-3875.6,40.8295,910.719,0.0636064,4.94405,0.000167226
71,0.0106479,-1.39985,4399.9,-3875.43,41.7546,905.933,0.0632729,4.90689,-0.000667618
71,0.0109919,-1.36414,4399.9,-3875.55,43.824,894.417,0.0615001,4.90197,-0.000325886
71,0.0105903,-1.3594,4399.9,-3875.44,42.2753,902.698,0.0626331,4.91605,-0.000204834
71,0.0107686,-1.31864,4399.9,-3875.58,42.8098,900.044,0.0622371,4.94699,0.000113225
71,0.0107789,-1.3538,4399.9,-3875.52,43.2006,897.818,0.0618193,4.92464,-0.000441317
71,0.0108348,-1.39659,4399.9,-3875.44,42.8345,900.029,0.0620902,4.88539,-0.000498065
71,0.0104242,-1.32531,4399.91,-3875.51,40.9812,909.898,0.0634073,4.95117,-7.31628e-05
71,0.0104852,-1.33872,4399.91,-3875.5,41.1973,908.86,0.063453,4.93602,9.14262e-06
71,0.0106669,-1.30535,4399.9,-3875.38,42.8838,899.861,0.0622754,4.97486,0.000416647
71,0.0104336,-1.34472,4399.9,-3875.44,41.26,908.036,0.0629921,4.93109,-0.000662403
71,0.0110072,-1.36425,4399.9,-3875.48,43.7842,894.541,0.061159,4.92168,-9.61938e-05
71,0.0102393,-1.33611,4399.91,-3875.51,40.6681,911.765,0.0640274,4.94844,-0.000391366
71,0.0107942,-1.32417,4399.9,-3875.39,42.6065,901.066,0.0622292,4.95181,-0.000138786
71,0.0102829,-1.35918,4399.91,-3875.55,40.6834,911.461,0.0641159,4.92169,-3.53747e-05
71,0.0106444,-1.37645,4399.9,-3875.43,42.3987,902.378,0.0629304,4.91029,-0.000416936
71,0.0107741,-1.3227,4399.9,-3875.48,42.9932,899.05,0.0618759,4.96789,0.000564839
71,0.010403,-1.3791,4399.91,-3875.44,42.3898,902.47,0.0628253,4.9032,-0.00061613
71,0.0105946,-1.33882,4399.9,-3875.47,41.8799,905.11,0.0630464,4.93046,6.36932e-05
71,0.0102874,-1.34935,4399.91,-3875.56,41.3574,907.911,0.0634479,4.93496,-0.00029058
71,0.0108738,-1.32462,4399.9,-3875.56,43.6321,895.759,0.0618038,4.94752,0.000228758
71,0.0104692,-1.36218,4399.9,-3875.48,41.4383,907.264,0.0631057,4.91717,-0.000238904
71,0.0107335,-1.31657,4399.9,-3875.4,42.6143,901.609,0.0628939,4.96104,0.000525901
71,0.0105296,-1.37023,4399.91,-3875.38,42.2489,902.833,0.0625463,4.90507,-0.000135249
71,0.0108515,-1.34596,4399.9,-3875.46,43.6239,895.735,0.0618348,4.93542,2.42398e-05
71,0.0101841,-1.36766,4399.91,-3875.55,41.0832,909.287,0.0634138,4.92932,0.000159365
71,0.010703,-1.32509,4399.9,-3875.47,42.3887,902.33,0.0624639,4.95149,0.000121005
71,0.0109163,-1.33606,4399.9,-3875.39,43.7371,895.38,0.0620659,4.94186,-0.00026528
71,0.011045,-1.3326,4399.89,-3875.38,43.651,895.673,0.0616784,4.95206,-1.80998e-05
71,0.0106322,-1.39574,4399.9,-3875.5,42.1408,903.671,0.0626437,4.89209,-0.00034811
71,0.0106931,-1.38892,4399.9,-3875.51,42.346,902.245,0.0622246,4.90421,-0.000174657
71,0.0105219,-1.35899,4399.9,-3875.47,41.8294,905.001,0.0626078,4.92981,-1.3622e-05
71,0.0108804,-1.35271,4399.9,-3875.48,43.5599,895.839,0.0614336,4.92688,0.000169941
71,0.0110114,-1.3289,4399.9,-3875.54,44.1127,893.152,0.061363,4.95176,0.000614134
71,0.0106285,-1.32144,4399.9,-3875.37,42.5864,901.179,0.0623824,4.95533,0.000308235
71,0.0103513,-1.37141,4399.91,-3875.47,41.1381,909.049,0.0637572,4.9103,-0.000165001
71,0.0108438,-1.35577,4399.9,-3875.47,42.9855,898.885,0.0619416,4.92486,-0.000279391
71,0.010341,-1.35437,4399.91,-3875.61,41.4191,907.676,0.0636494,4.91789,-0.000129632
71,0.0107325,-1.33796,4399.9,-3875.51,42.4795,901.515,0.0620097,4.94689,-6.72313e-05
71,0.0104372,-1.35923,4399.91,-3875.52,41.6519,905.984,0.0628481,4.92759,1.82997e-05
71,0.0111284,-1.34937,4399.89,-3875.41,44.0514,892.987,0.0607996,4.93123,-0.000136081
71,0.0105844,-1.40446,4399.9,-3875.51,42.3794,902.432,0.0621815,4.88285,-0.000281254
71,0.0105984,-1.38463,4399.9,-3875.46,42.6676,900.772,0.0623315,4.89795,0.000183669
71,0.0107138,-1.3211,4399.9,-3875.5,43.0066,899.502,0.0626554,4.96145,0.000408329
71,0.0104282,-1.39008,4399.91,-3875.59,41.4201,907.536,0.0631142,4.8967,-0.000625516
71,0.0104997,-1.30044,4399.9,-3875.52,42.2574,903.286,0.0628807,4.97432,0.000316309
71,0.0108718,-1.34638,4399.9,-3875.57,43.4432,896.621,0.0617884,4.94046,8.88957e-05
71,0.0109224,-1.32825,4399.9,-3875.55,43.7203,895.223,0.0613534,4.96526,0.000747768
71,0.0105908,-1.31407,4399.9,-3875.5,42.0011,904.344,0.0625857,4.96706,0.000246159
71,0.0109413,-1.33053,4399.9,-3875.44,43.42,896.804,0.061724,4.94848,-2.01101e-05
71,0.0110765,-1.33247,4399.89,-3875.44,44.0393,893.853,0.0618583,4.94908,-7.34778e-05
71,0.010888,-1.32665,4399.9,-3875.56,43.9835,893.79,0.0614819,4.94771,-2.8833e-05
71,0.0109531,-1.38446,4399.9,-3875.39,42.9989,899.03,0.0620916,4.90162,-0.000187373
71,0.0108639,-1.36675,4399.89,-3875.48,43.2726,897.42,0.0617273,4.91988,5.19217e-05
71,0.010387,-1.32496,4399.91,-3875.56,41.9772,904.629,0.0628541,4.95518,-8.31855e-05
71,0.0102879,-1.35136,4399.91,-3875.57,41.213,908.737,0.0635819,4.92972,-0.000206285
71,0.0104468,-1.31701,4399.91,-3875.41,41.8451,905.211,0.0627283,4.97437,0.000345951
71,0.0106578,-1.39433,4399.9,-3875.45,42.5094,901.639,0.0623515,4.89939,-0.000328684
71,0.0107882,-1.34984,4399.9,-3875.43,42.5603,901.307,0.0624775,4.9277,-7.5864e-05
71,0.0106496,-1.3275,4399.9,-3875.58,41.8156,905.262,0.0630259,4.95317,0.000757756
71,0.0111171,-1.32473,4399.89,-3875.61,44.0113,893.556,0.0612373,4.95936,0.000106837
71,0.0108833,-1.31899,4399.9,-3875.44,43.6838,895.559,0.061845,4.97147,0.000161126
71,0.0102287,-1.34426,4399.91,-3875.46,41.1026,909.537,0.0638521,4.93782,-0.000315465
71,0.010592,-1.39216,4399.9,-3875.51,42.0028,904.578,0.0627896,4.89333,-0.000713055
71,0.0109901,-1.38247,4399.9,-3875.49,43.3975,896.814,0.0618283,4.90783,3.29267e-05
71,0.0111189,-1.34368,4399.89,-3875.42,44.0745,893.134,0.06113,4.93946,-9.73556e-07
71,0.0109714,-1.32286,4399.9,-3875.5,43.3539,897.013,0.0614337,4.95681,-2.71677e-06
71,0.0109363,-1.31241,4399.89,-3875.44,43.3034,897.745,0.0619927,4.9717,0.000277457
71,0.0110118,-1.36071,4399.9,-3875.61,44.0373,893.531,0.0616665,4.91787,-0.000380312
71,0.0107664,-1.35665,4399.9,-3875.51,42.7754,900.578,0.0628287,4.93269,-0.000501149
71,0.0105876,-1.34848,4399.9,-3875.51,42.2926,902.457,0.0621718,4.93523,0.000152558
71,0.0106279,-1.34225,4399.9,-3875.46,42.5736,901.414,0.0626308,4.94134,0.00012303
71,0.0105768,-1.3092,4399.9,-3875.57,42.6779,900.635,0.0620767,4.97672,0.00100379
71,0.0106594,-1.31025,4399.9,-3875.44,42.4944,901.961,0.0624066,4.98341,0.000815252
71,0.0105263,-1.39193,4399.9,-3875.42,41.8187,905.62,0.0631834,4.89425,-0.000255943
71,0.0103156,-1.30513,4399.91,-3875.51,41.1193,909.252,0.0633589,4.96597,0.000346093
71,0.0103548,-1.36336,4399.91,-3875.42,41.2112,908.602,0.0635902,4.91551,-0.000181459
71,0.0110807,-1.37285,4399.9,-3875.51,43.826,894.339,0.0612464,4.9079,4.32993e-05
71,0.0106228,-1.38641,4399.9,-3875.45,42.1374,904.142,0.0632372,4.89722,-0.000239946
71,0.0105869,-1.31188,4399.9,-3875.43,42.1124,903.904,0.062688,4.96959,0.000106445
71,0.0106098,-1.37711,4399.9,-3875.39,42.3057,902.579,0.062316,4.90636,-0.000260174
71,0.0109526,-1.36867,4399.9,-3875.55,43.3772,896.849,0.061713,4.91249,-0.000267111
71,0.0107971,-1.3348,4399.9,-3875.61,43.2121,898.124,0.0621874,4.94386,0.000501964
71,0.0104253,-1.31101,4399.91,-3875.55,41.588,907.258,0.0638895,4.96347,0.000220455
71,0.010657,-1.29752,4399.9,-3875.48,42.0739,904.323,0.0629365,4.9827,0.000433692
71,0.0101767,-1.35485,4399.91,-3875.41,40.5785,911.976,0.0637483,4.93123,-0.000166256
71,0.0104314,-1.34569,4399.91,-3875.52,41.5486,906.919,0.0633917,4.93976,0.000227672
71,0.0106086,-1.36435,4399.9,-3875.6,42.2567,902.905,0.0625763,4.92314,0.000121145
71,0.0105875,-1.33788,4399.9,-3875.61,42.4262,902.045,0.0626127,4.95242,3.20164e-05
71,0.010458,-1.39754,4399.9,-3875.52,41.601,907.121,0.0636788,4.89365,-0.000521809
71,0.0109018,-1.3957,4399.9,-3875.43,42.9993,899.522,0.06234,4.88967,-0.000313225
71,0.010619,-1.36771,4399.9,-3875.43,42.642,900.721,0.0623719,4.90819,-0.000295482
71,0.010605,-1.38779,4399.9,-3875.62,42.1188,903.99,0.0629638,4.89193,-0.000149701
71,0.0108158,-1.39239,4399.9,-3875.42,42.8166,900.211,0.0624774,4.89867,-0.000445172
71,0.0103148,-1.34536,4399.91,-3875.58,40.8515,910.426,0.0635724,4.92782,-0.000108333
71,0.0106396,-1.33611,4399.9,-3875.59,42.0615,904.179,0.062833,4.9488,-0.000242648
71,0.0105858,-1.37768,4399.9,-3875.57,42.023,904.388,0.063066,4.90109,-0.00082357
71,0.010751,-1.39314,4399.9,-3875.41,42.7333,900.822,0.0625924,4.89728,9.37513e-05
71,0.0109713,-1.35914,4399.9,-3875.45,42.6424,900.83,0.0622417,4.93881,-4.39588e-05
71,0.0103631,-1.39747,4399.91,-3875.51,40.7815,910.689,0.0634659,4.91929,-0.000282934
71,0.010224,-1.35065,4399.91,-3875.53,40.6609,912.871,0.0640132,4.94549,0.000126727
71,0.0110525,-1.3338,4399.89,-3875.4,44.0264,893.602,0.0615245,4.94393,0.000284213
71,0.011105,-1.3672,4399.89,-3875.54,43.9793,893.724,0.0614948,4.913,-0.000116116
71,0.010276,-1.36059,4399.91,-3875.42,40.9864,909.719,0.0635247,4.91419,-0.000393377
71,0.010821,-1.29919,4399.9,-3875.45,42.9681,899.447,0.0620765,4.98071,0.000859489
71,0.0105872,-1.3801,4399.9,-3875.6,42.3379,902.606,0.0626544,4.89832,-0.000466424
71,0.0104955,-1.32754,4399.9,-3875.43,41.5659,906.887,0.0631802,4.94529,-3.81469e-05
71,0.0111068,-1.32529,4399.89,-3875.6,43.9512,894.077,0.0615265,4.96208,0.000613525
71,0.0107433,-1.38318,4399.9,-3875.44,42.7825,900.551,0.0625191,4.89471,-0.000561242
71,0.0110498,-1.3613,4399.9,-3875.42,43.8835,894.101,0.0613598,4.92178,-0.000346499
71,0.0108707,-1.31179,4399.9,-3875.57,43.2073,898.211,0.0620151,4.96712,-0.000113197
71,0.0109724,-1.3305,4399.9,-3875.61,43.0576,898.916,0.0621299,4.9435,0.000310497
71,0.010463,-1.32007,4399.91,-3875.57,41.399,907.77,0.0633341,4.96972,0.000286247
71,0.0106584,-1.36385,4399.9,-3875.38,42.4666,901.701,0.0624636,4.92066,-0.000176251
71,0.0106425,-1.33973,4399.9,-3875.6,42.6777,900.59,0.0621582,4.94132,-0.000309676
71,0.0106114,-1.38121,4399.9,-3875.37,42.1347,903.238,0.0623788,4.90763,-0.000310508
71,0.0110096,-1.32632,4399.9,-3875.54,43.8495,894.436,0.0612862,4.94666,-0.000166938
71,0.0103231,-1.32691,4399.91,-3875.42,40.9896,909.887,0.0635777,4.9453,-4.91649e-05
71,0.0111254,-1.34205,4399.89,-3875.51,44.2406,892.344,0.0611188,4.93612,0.00037965
71,0.0107603,-1.29186,4399.9,-3875.44,42.8656,899.941,0.0622855,4.98371,0.000579291
71,0.0111034,-1.37297,4399.89,-3875.39,43.9925,893.643,0.0614812,4.92123,0.000233133
71,0.0102901,-1.34071,4399.91,-3875.39,40.8522,910.723,0.0638235,4.94846,0.000463719
71,0.0107787,-1.37719,4399.9,-3875.5,43.0476,898.682,0.0620657,4.90842,-5.57663e-05
71,0.0105924,-1.38353,4399.9,-3875.53,42.1182,904.344,0.0630578,4.89063,-0.000497043
71,0.0106553,-1.37344,4399.9,-3875.57,42.4656,901.794,0.0623589,4.91221,-0.000324496
71,0.0108417,-1.37995,4399.9,-3875.56,42.7228,900.617,0.0624092,4.90262,1.55501e-05
71,0.0105445,-1.33565,4399.9,-3875.45,41.8723,905.202,0.0630649,4.95196,0.000441619
71,0.0105638,-1.34485,4399.9,-3875.4,42.0944,903.819,0.0627411,4.93459,-0.000191317
71,0.0108348,-1.36065,4399.9,-3875.38,43.0432,898.606,0.0618794,4.92169,8.53922e-05
71,0.0103048,-1.38042,4399.91,-3875.47,41.2714,907.896,0.0631451,4.91403,-0.000388601
71,0.0106371,-1.29862,4399.9,-3875.42,42.477,901.852,0.0622042,4.97572,0.000315879
71,0.0109539,-1.35321,4399.89,-3875.42,43.7424,894.797,0.0612755,4.92664,5.40364e-05
71,0.0108039,-1.33216,4399.9,-3875.5,42.5979,901.552,0.0627677,4.94361,-5.36516e-05
71,0.010685,-1.31004,4399.9,-3875.61,41.9845,904.677,0.0630131,4.95491,0.000182413
71,0.0109506,-1.32898,4399.9,-3875.39,43.1995,898.314,0.0621784,4.95993,0.000657557
71,0.0104901,-1.31469,4399.9,-3875.48,41.9697,904.479,0.0628426,4.97032,0.000174688
71,0.0111542,-1.35157,4399.89,-3875.52,43.784,894.754,0.0614641,4.92647,-0.000376531
71,0.0104658,-1.31337,4399.9,-3875.47,41.5448,906.688,0.062507,4.96464,0.000364009
71,0.0107147,-1.3424,4399.9,-3875.57,42.709,900.804,0.0624136,4.93927,0.000309796
71,0.0107388,-1.36901,4399.9,-3875.44,42.4686,901.912,0.062787,4.90817,-0.000324153
71,0.0108071,-1.38741,4399.9,-3875.6,43.343,897.132,0.0618815,4.907,-0.000162193
71,0.0111213,-1.37735,4399.89,-3875.48,43.6494,895.152,0.0611474,4.91342,-0.000268829
71,0.0107577,-1.3161,4399.9,-3875.46,42.5756,901.586,0.0625022,4.96618,0.000537096
71,0.0106704,-1.29312,4399.9,-3875.46,42.3508,902.753,0.0627024,4.97532,0.000708826
71,0.010958,-1.36957,4399.9,-3875.45,43.568,895.591,0.0613219,4.91102,-3.79478e-05
71,0.0104743,-1.36875,4399.91,-3875.56,41.8118,905.514,0.0631863,4.92153,-0.00012407
71,0.0104601,-1.36313,4399.91,-3875.4,41.3009,907.86,0.0630132,4.91616,-0.000195412
71,0.0103693,-1.34083,4399.91,-3875.51,41.1699,909.059,0.0637526,4.93636,-0.000139916
71,0.010478,-1.3581,4399.91,-3875.38,41.6156,906.208,0.0628585,4.92217,-0.000628281
71,0.010513,-1.34822,4399.9,-3875.49,41.7896,905.476,0.0630513,4.94108,0.000123424
71,0.0109089,-1.3579,4399.9,-3875.62,42.7534,900.422,0.062457,4.91664,-2.7647e-05
71,0.0109816,-1.36263,4399.9,-3875.58,43.1667,898.072,0.0619227,4.90702,-0.00034087
71,0.0108613,-1.35491,4399.9,-3875.47,43.6129,895.716,0.0617128,4.92821,0.000114118
71,0.010879,-1.37859,4399.9,-3875.46,43.1834,898.089,0.0619687,4.8987,-0.000405746
71,0.0103924,-1.3739,4399.91,-3875.56,41.6095,906.524,0.0632336,4.90368,-0.000165695
71,0.0108488,-1.31355,4399.9,-3875.54,42.688,900.92,0.062367,4.96486,0.000792051
71,0.0106794,-1.35562,4399.9,-3875.47,42.6023,901.083,0.0624099,4.92553,0.000191211
71,0.0103205,-1.36955,4399.91,-3875.48,41.4377,907.362,0.0633217,4.91013,-0.000255831
71,0.0106416,-1.31603,4399.9,-3875.42,42.5185,901.377,0.0619984,4.96289,0.000324989
71,0.0110072,-1.30172,4399.9,-3875.5,43.45,896.716,0.0616785,4.9746,0.000183027
71,0.0111388,-1.32759,4399.89,-3875.38,44.0544,893.341,0.0612819,4.94321,-0.00010872
71,0.0108714,-1.38594,4399.9,-3875.55,43.0531,899.03,0.0621451,4.90195,-0.00011006
71,0.0106668,-1.33073,4399.9,-3875.54,43.2845,897.607,0.062128,4.94032,0.000273852
71,0.0108216,-1.32871,4399.9,-3875.48,43.1807,898.066,0.0618902,4.95846,0.000171622
71,0.0106307,-1.34614,4399.9,-3875.42,42.2173,903.192,0.0627057,4.93345,0.000361464
71,0.0110171,-1.33385,4399.9,-3875.46,44.2113,892.367,0.0611432,4.94372,-0.000136054
71,0.010813,-1.3069,4399.9,-3875.5,43.3147,897.679,0.062073,4.97782,0.000172874
71,0.0108039,-1.34485,4399.9,-3875.52,42.8904,899.427,0.06199,4.93442,-4.72188e-05
71,0.0102533,-1.30837,4399.91,-3875.46,41.2514,908.639,0.0635579,4.95795,0.000406465
71,0.0105221,-1.35384,4399.9,-3875.4,41.7164,906.72,0.0633278,4.92234,-0.000448729
71,0.0105579,-1.35374,4399.9,-3875.56,41.9602,904.552,0.0628756,4.91775,-1.52111e-05
71,0.0106265,-1.34256,4399.9,-3875.45,42.1826,903.38,0.06255,4.94843,-0.000268992
71,0.0107637,-1.38967,4399.9,-3875.46,42.475,901.871,0.0623756,4.89622,-0.000725776
71,0.0109114,-1.36513,4399.9,-3875.6,43.5817,895.77,0.0615151,4.92821,0.000126943
71,0.0102728,-1.30858,4399.91,-3875.39,41.1662,909.008,0.0634438,4.96545,0.000216985
71,0.0107267,-1.38501,4399.9,-3875.57,42.5799,901.408,0.0624867,4.90043,-0.000295754
71,0.0105606,-1.3694,4399.9,-3875.57,41.6522,906.007,0.0629397,4.9177,-0.000682729
71,0.0102777,-1.36474,4399.91,-3875.53,41.06,909.612,0.0639504,4.91474,-0.000224048
71,0.0103443,-1.36176,4399.91,-3875.61,41.751,905.759,0.0632182,4.91694,-0.000237373
71,0.0110934,-1.32505,4399.89,-3875.56,43.9157,893.854,0.0611347,4.9597,0.000426552
71,0.0106684,-1.3069,4399.9,-3875.55,42.8799,899.586,0.0621311,4.96726,0.000661057
71,0.0108893,-1.30267,4399.9,-3875.58,42.8237,900.185,0.0620946,4.98065,0.000441808
71,0.0104614,-1.36225,4399.9,-3875.5,41.7135,905.929,0.0629777,4.93002,-0.000105393
71,0.010657,-1.36301,4399.9,-3875.43,42.5923,900.914,0.0621581,4.90698,-0.000549768
71,0.0103921,-1.31068,4399.91,-3875.45,41.1808,909.216,0.0636681,4.96458,0.000132467
71,0.0105477,-1.30705,4399.9,-3875.41,42.1917,903.484,0.0626634,4.96356,0.000438261
71,0.0105346,-1.32624,4399.9,-3875.49,41.7045,906.142,0.0631169,4.95869,-0.000196525
71,0.0105892,-1.37014,4399.9,-3875.46,42.5839,900.991,0.0622733,4.90553,-0.000582177
71,0.0105321,-1.34143,4399.9,-3875.46,41.2546,908.646,0.0635252,4.94154,0.000179907
71,0.0110538,-1.32046,4399.89,-3875.43,43.6831,895.391,0.0616222,4.95657,0.000157482
71,0.0104812,-1.30814,4399.91,-3875.44,41.2643,908.505,0.063377,4.9679,0.000146539
71,0.0108705,-1.30826,4399.9,-3875.51,43.7028,895.181,0.0613692,4.95349,0.00014184
71,0.0110163,-1.35531,4399.9,-3875.5,43.9688,893.746,0.0613357,4.92477,-0.0002252
71,0.010692,-1.34439,4399.9,-3875.53,42.3686,902.57,0.0628838,4.92741,-0.000412577
71,0.0104387,-1.31772,4399.91,-3875.39,41.6145,906.515,0.0630251,4.95182,2.45663e-05
71,0.0104767,-1.37432,4399.9,-3875.43,42.0016,904.247,0.0629548,4.91501,-0.000552995
71,0.0104581,-1.33125,4399.9,-3875.49,41.7826,905.695,0.063076,4.95316,0.000489947
71,0.0105661,-1.34579,4399.9,-3875.44,43.4346,896.359,0.0615772,4.92203,6.18454e-05
71,0.010802,-1.36044,4399.9,-3875.54,42.786,900.24,0.0623929,4.91686,-0.000148448
71,0.0110241,-1.38238,4399.89,-3875.62,43.8837,893.859,0.0611989,4.90601,-0.00022911
71,0.0107759,-1.30373,4399.9,-3875.59,42.9044,900.228,0.0627809,4.98065,0.000103621
71,0.0106506,-1.37859,4399.9,-3875.46,42.2213,902.992,0.0626044,4.90398,2.81162e-05
71,0.0103123,-1.38618,4399.91,-3875.46,41.0169,909.638,0.0635538,4.90799,-0.000708498
71,0.0106634,-1.3676,4399.9,-3875.4,42.1369,903.494,0.0626953,4.91315,-0.000659338
71,0.0105429,-1.31073,4399.9,-3875.38,42.0066,904.544,0.0630819,4.96151,0.000166329
71,0.0103514,-1.34345,4399.91,-3875.56,41.4172,907.675,0.0633653,4.93886,3.87447e-05
71,0.0104263,-1.30701,4399.91,-3875.53,41.5676,906.776,0.0631312,4.97668,0.000931647
71,0.0107994,-1.30349,4399.9,-3875.6,42.9121,899.723,0.0622354,4.98259,0.000520252
71,0.0102448,-1.32373,4399.91,-3875.41,40.9632,909.732,0.0632184,4.94851,-8.32185e-05
71,0.010892,-1.36401,4399.9,-3875.41,43.4381,897.212,0.062521,4.90607,-0.000956104
71,0.0103367,-1.36325,4399.91,-3875.42,41.1003,909.157,0.0633752,4.92152,-0.000391355
71,0.0109226,-1.34404,4399.9,-3875.6,43.9871,893.467,0.0612324,4.93482,0.00108623
71,0.0105623,-1.35272,4399.9,-3875.6,41.6956,905.819,0.0629821,4.92102,-0.000548764
71,0.0109641,-1.32238,4399.89,-3875.52,43.2224,898.266,0.062155,4.96681,0.000291521
71,0.0105984,-1.37293,4399.9,-3875.43,42.2232,902.894,0.0625611,4.91142,0.000195798
71,0.0107006,-1.29614,4399.9,-3875.45,42.8297,899.996,0.062244,4.97126,0.000481349
71,0.0106003,-1.29593,4399.9,-3875.54,42.1938,903.579,0.0626208,4.98234,0.000417942
71,0.0102312,-1.35522,4399.91,-3875.44,40.8964,910.502,0.0639372,4.92921,-0.000629452
71,0.0109315,-1.35216,4399.9,-3875.49,43.8265,894.351,0.061289,4.93409,-0.000425604
71,0.0108165,-1.35448,4399.9,-3875.56,43.1802,898.055,0.0618272,4.92584,-4.28172e-05
71,0.0109397,-1.35632,4399.9,-3875.53,43.5093,896.226,0.0616222,4.91617,-8.29058e-06
71,0.0106031,-1.31616,4399.9,-3875.53,42.0455,904.223,0.0630929,4.96381,0.000998429
71,0.0109149,-1.34806,4399.9,-3875.42,43.711,895.161,0.0615155,4.92473,-0.000151965
71,0.0106549,-1.37715,4399.9,-3875.38,42.5243,901.059,0.0619691,4.90668,-0.000250079
71,0.0107185,-1.31771,4399.9,-3875.6,43.5497,896.271,0.0616988,4.9661,0.000347975
71,0.0107294,-1.36829,4399.9,-3875.39,42.6232,901.18,0.0627693,4.91858,-0.000378907
71,0.0104767,-1.30678,4399.9,-3875.39,41.9402,904.994,0.0630746,4.97339,0.00022181
71,0.0110462,-1.31904,4399.89,-3875.58,43.9483,893.887,0.0613214,4.96237,0.000143273
71,0.0109399,-1.38164,4399.9,-3875.41,43.2834,897.752,0.0621526,4.9002,-8.34834e-05
71,0.0105002,-1.37038,4399.91,-3875.57,41.7832,905.505,0.0630534,4.90591,-0.000629244
71,0.0106432,-1.37564,4399.9,-3875.49,42.7216,900.254,0.0621827,4.90271,-0.000362074
71,0.0103083,-1.31871,4399.91,-3875.41,41.1378,909.364,0.0637561,4.9632,1.95919e-05
71,0.0102724,-1.31634,4399.91,-3875.57,41.1008,909.302,0.063568,4.95093,0.000285939
71,0.0101842,-1.35541,4399.91,-3875.61,40.848,910.31,0.0636174,4.91684,-0.000536964
71,0.0107255,-1.38417,4399.9,-3875.57,42.8428,899.986,0.0621947,4.89529,-0.000191351
71,0.010264,-1.35569,4399.91,-3875.62,40.6556,911.719,0.0637163,4.93112,0.000179027
71,0.0105787,-1.358,4399.9,-3875.59,41.8884,904.945,0.0631296,4.92388,-0.000238946
71,0.0107504,-1.37768,4399.9,-3875.41,42.8317,900.074,0.0623947,4.90027,-0.000522896
71,0.0104158,-1.34058,4399.91,-3875.6,41.8653,905.354,0.0633552,4.94689,0.000271044
71,0.0110347,-1.32341,4399.89,-3875.48,43.5931,896.188,0.0617487,4.96229,-7.07375e-05
71,0.0105533,-1.32171,4399.9,-3875.45,41.8707,905.535,0.0633671,4.94691,-0.000544851
71,0.0110263,-1.3606,4399.89,-3875.62,43.6526,895.725,0.0619551,4.91944,-0.000333751
71,0.0110511,-1.34582,4399.89,-3875.45,43.6189,895.582,0.0614519,4.93055,-0.000308104
71,0.0102909,-1.33547,4399.91,-3875.5,40.9314,910.297,0.0636723,4.95019,0.000145776
71,0.0104329,-1.3013,4399.91,-3875.57,41.9083,905.129,0.0629691,4.97811,0.000350378
71,0.0106986,-1.32216,4399.9,-3875.53,43.0162,898.866,0.0619323,4.95115,0.000184422
71,0.0103636,-1.2903,4399.91,-3875.6,41.5447,906.984,0.0630828,4.97098,0.000614743
71,0.0104826,-1.34097,4399.9,-3875.52,41.7287,906.224,0.0637279,4.93824,-7.21697e-05
71,0.0111639,-1.32644,4399.89,-3875.44,43.8008,894.961,0.0615472,4.95474,-0.000139163
71,0.0102665,-1.33393,4399.91,-3875.42,41.0031,909.523,0.0631172,4.94818,0.000519356
71,0.0109542,-1.33703,4399.9,-3875.43,43.6852,895.663,0.0619118,4.94545,0.000142704
71,0.0106727,-1.29076,4399.9,-3875.45,42.4658,902.257,0.0627321,4.97737,0.000495452
71,0.0108337,-1.31885,4399.9,-3875.53,42.9208,899.55,0.062019,4.97119,0.00018313
71,0.0103291,-1.37612,4399.91,-3875.52,41.1828,908.539,0.0632762,4.91604,-9.49735e-05
71,0.0104527,-1.32013,4399.91,-3875.62,41.5853,907.286,0.0640036,4.95857,0.000372428
71,0.0108104,-1.41094,4399.9,-3875.5,42.4696,902.149,0.0623853,4.89096,-0.00037417
71,0.0107639,-1.30475,4399.9,-3875.49,42.632,901.2,0.0624126,4.96735,0.000276544
71,0.010447,-1.35962,4399.91,-3875.6,41.3539,907.876,0.0635013,4.92161,-0.000231992
71,0.0104518,-1.3481,4399.91,-3875.45,41.9136,904.282,0.0622288,4.93214,0.000400076
71,0.0105704,-1.31857,4399.9,-3875.5,42.627,901.145,0.0624118,4.96434,0.000602357
71,0.0107498,-1.38408,4399.9,-3875.59,42.7906,900,0.0619037,4.89297,-0.000979555
71,0.0104575,-1.35055,4399.91,-3875.42,41.5242,907.011,0.0633243,4.93151,-3.02397e-05
71,0.0107251,-1.36081,4399.9,-3875.41,42.576,901.302,0.0623928,4.90469,0.000115585
71,0.0105461,-1.33004,4399.91,-3875.44,42.1535,903.428,0.0625952,4.94445,0.000189423
71,0.0106318,-1.30333,4399.9,-3875.4,42.3655,902.489,0.0624167,4.97302,0.000493088
71,0.010744,-1.3634,4399.9,-3875.47,42.5418,901.571,0.0627292,4.91869,-0.000134858
71,0.0109328,-1.33791,4399.9,-3875.46,43.6949,895.439,0.061879,4.94216,8.23616e-05
71,0.0104019,-1.36294,4399.91,-3875.39,41.3444,907.785,0.0631991,4.91779,-9.67779e-05
71,0.010864,-1.39154,4399.9,-3875.62,42.4672,902.266,0.062646,4.88761,-0.000503777
71,0.0110045,-1.35485,4399.89,-3875.41,44.064,893.345,0.061398,4.9161,0.000134512
71,0.0105273,-1.3168,4399.9,-3875.59,42.0869,904.241,0.0631278,4.96759,-0.000234528
71,0.0108019,-1.30562,4399.9,-3875.5,42.9662,899.312,0.0619025,4.97493,0.000419005
71,0.0109114,-1.31526,4399.9,-3875.42,43.4943,896.437,0.0614306,4.97055,0.000417574
71,0.0105365,-1.34947,4399.91,-3875.4,42.0406,904.013,0.0627503,4.93132,-0.000322955
71,0.0106956,-1.31962,4399.9,-3875.38,42.4946,901.477,0.061991,4.96734,0.00105892
71,0.0103815,-1.32034,4399.91,-3875.45,41.3768,907.888,0.0632231,4.9587,7.75114e-05
71,0.0107813,-1.36236,4399.9,-3875.59,42.6066,901.011,0.062255,4.92162,-0.000379472
71,0.0102015,-1.33383,4399.91,-3875.6,40.7384,911.241,0.0636875,4.94628,0.000163834
71,0.0107864,-1.30228,4399.9,-3875.38,42.8964,899.577,0.0618648,4.9779,0.000439012
71,0.0106761,-1.35262,4399.9,-3875.45,42.3305,902.722,0.0628694,4.93017,1.5431e-06
71,0.010697,-1.33693,4399.9,-3875.47,42.666,900.818,0.062319,4.94236,-3.70227e-05
71,0.0107229,-1.39608,4399.9,-3875.57,42.2059,903.441,0.0624717,4.8891,-0.000325647
71,0.0107702,-1.35096,4399.9,-3875.55,43.2201,897.926,0.0619053,4.93451,0.000107459
71,0.010358,-1.35041,4399.91,-3875.55,41.5716,906.897,0.0634763,4.95061,0.000427847
71,0.0108235,-1.30027,4399.9,-3875.59,43.2702,897.62,0.0615586,4.9769,0.000847839
71,0.0104886,-1.32936,4399.91,-3875.53,42.1988,903.636,0.0630814,4.95259,0.000140594
71,0.0102499,-1.37421,4399.91,-3875.4,40.8217,910.5,0.0637729,4.91458,1.35692e-05
71,0.0110695,-1.34024,4399.9,-3875.44,43.9614,893.639,0.0611848,4.92478,6.58455e-05
71,0.0101459,-1.38264,4399.91,-3875.6,40.6897,911.678,0.0640509,4.91806,0.000284493
71,0.0112404,-1.35195,4399.89,-3875.61,44.099,893.078,0.0609466,4.94336,0.000108026
71,0.0107967,-1.34642,4399.9,-3875.4,43.0562,898.853,0.0621877,4.93734,0.000305036
71,0.0110596,-1.37633,4399.89,-3875.43,43.8617,894.45,0.0615952,4.91993,-0.000363808
71,0.0111085,-1.35384,4399.89,-3875.61,44.2056,892.267,0.0608583,4.92337,-0.000262336
71,0.0102647,-1.32041,4399.91,-3875.6,40.7284,910.96,0.0632646,4.94989,5.51631e-05
71,0.0104385,-1.31478,4399.91,-3875.61,42.1183,903.973,0.0628541,4.96513,0.000321042
71,0.0104475,-1.31248,4399.9,-3875.56,41.5829,907.048,0.0634511,4.96069,-1.02641e-06
71,0.0104451,-1.33123,4399.9,-3875.39,41.7583,905.835,0.0631796,4.94845,-0.000295497
71,0.0105545,-1.38859,4399.9,-3875.49,42.1965,902.324,0.0610667,4.8881,-0.0009654
71,0.0106484,-1.3098,4399.9,-3875.57,42.6942,900.668,0.0620225,4.97287,0.000604909
71,0.010971,-1.37647,4399.9,-3875.56,43.4308,896.864,0.0617745,4.8948,-0.000523802
71,0.0104747,-1.31995,4399.9,-3875.54,41.1747,908.762,0.0630648,4.95607,8.57715e-05
71,0.0103094,-1.3416,4399.91,-3875.6,40.8006,910.982,0.0637902,4.93981,0.000234107
71,0.0108193,-1.32617,4399.9,-3875.53,43.3669,897.084,0.0617193,4.95496,0.00035896
71,0.0106745,-1.30276,4399.9,-3875.48,42.1007,904.181,0.0628676,4.97672,0.000513125
71,0.0102623,-1.35309,4399.91,-3875.53,40.7095,911.769,0.0643576,4.92852,2.73368e-05
71,0.0106531,-1.32504,4399.9,-3875.46,42.3113,902.836,0.062765,4.94933,0.00054485
71,0.0110742,-1.31762,4399.89,-3875.57,43.6096,896.213,0.0619154,4.96857,0.000666481
71,0.010122,-1.33392,4399.91,-3875.62,40.6865,911.718,0.0639885,4.93781,8.15803e-05
71,0.0107024,-1.3843,4399.9,-3875.46,42.4509,902.352,0.0625626,4.88829,-0.000372314
71,0.0108386,-1.34702,4399.9,-3875.42,42.7834,900.271,0.0624139,4.93327,-0.000105829
71,0.0109126,-1.38206,4399.9,-3875.56,42.9428,899.317,0.0619493,4.89232,-0.00056039
71,0.0103418,-1.37944,4399.91,-3875.4,41.026,909.442,0.0633664,4.91388,-0.000231893
71,0.0103906,-1.3534,4399.91,-3875.53,41.3732,907.685,0.0632884,4.92847,-0.000124365
71,0.0100989,-1.33119,4399.91,-3875.6,40.8157,910.715,0.0634388,4.95365,0.000187193
71,0.0106166,-1.30935,4399.9,-3875.42,42.5709,901.076,0.061963,4.97533,0.000738052
71,0.0107824,-1.3443,4399.9,-3875.56,43.0986,898.513,0.0621281,4.9174,-0.000334537
71,0.0104869,-1.35829,4399.91,-3875.42,41.5943,906.393,0.0631662,4.91175,-0.000404918
71,0.0104537,-1.38521,4399.91,-3875.5,41.3965,907.697,0.0631492,4.89654,-0.000449757
71,0.0109626,-1.30543,4399.89,-3875.55,43.2283,898.142,0.0620963,4.97509,0.00047878
71,0.0106526,-1.3472,4399.9,-3875.44,42.451,901.781,0.0623647,4.93798,-0.000343302
71,0.0109399,-1.34237,4399.9,-3875.52,42.8226,900.074,0.0624481,4.93992,-0.000189641
71,0.0104747,-1.38861,4399.9,-3875.44,41.764,905.686,0.0630809,4.8996,-0.000386741
71,0.0107902,-1.35978,4399.9,-3875.47,42.5136,901.464,0.0623442,4.92127,-0.000420698
71,0.0103982,-1.36482,4399.91,-3875.58,41.1082,909.525,0.0639158,4.92196,-0.000336219
71,0.0105916,-1.36549,4399.9,-3875.58,42.4578,901.282,0.0618866,4.91342,-0.000451293
71,0.0107767,-1.3161,4399.9,-3875.43,42.8824,899.762,0.0620586,4.97125,0.00023884
71,0.0108152,-1.35538,4399.9,-3875.62,42.7672,900.294,0.0621183,4.90092,-0.000105346
71,0.0106647,-1.3522,4399.9,-3875.52,42.3418,902.592,0.0627147,4.92387,3.74752e-05
71,0.0107401,-1.37118,4399.9,-3875.51,42.5527,901.581,0.0624865,4.89212,-0.000477585
71,0.010315,-1.30697,4399.91,-3875.59,41.2778,908.618,0.0637509,4.96834,0.000176719
71,0.0109917,-1.36237,4399.9,-3875.47,43.7627,894.775,0.0613048,4.92802,-0.000174501
71,0.0102184,-1.3709,4399.91,-3875.51,41.1241,908.771,0.0630989,4.91718,-0.000252407
71,0.0109761,-1.36749,4399.9,-3875.46,43.6949,895.35,0.0616412,4.91302,-0.000133207
71,0.0109083,-1.30483,4399.9,-3875.5,43.6584,895.652,0.0616132,4.97076,0.000249583
71,0.0107007,-1.38209,4399.9,-3875.49,42.7807,900.175,0.0623008,4.90826,-0.000171037
71,0.0105647,-1.32136,4399.9,-3875.46,42.0607,904.415,0.063214,4.95781,0.000664337
71,0.0108044,-1.36131,4399.9,-3875.47,42.7605,900.101,0.062087,4.91992,-0.000178268
71,0.010662,-1.29967,4399.9,-3875.39,42.1909,903.199,0.0620781,4.97883,0.000338094
71,0.0105513,-1.39589,4399.9,-3875.4,42.0358,904.539,0.062925,4.887,-0.000936746
71,0.0109182,-1.30806,4399.9,-3875.42,43.2423,898.125,0.0622717,4.97624,0.000237072
71,0.010932,-1.35669,4399.89,-3875.42,43.1733,897.998,0.0620313,4.91357,-0.00032653
71,0.010377,-1.33759,4399.91,-3875.56,42.3665,902.573,0.0630073,4.92907,-0.0003744
71,0.0108725,-1.304,4399.9,-3875.54,43.4297,896.989,0.0619107,4.97566,0.000189819
71,0.0108979,-1.36545,4399.9,-3875.56,43.5791,896.068,0.0618116,4.92385,9.27735e-06
71,0.0105913,-1.35044,4399.9,-3875.58,42.8987,899.318,0.0618795,4.9335,-0.000349251
71,0.0105064,-1.3729,4399.9,-3875.55,41.6809,906.167,0.0631253,4.90456,-0.000260846
71,0.0102813,-1.35119,4399.91,-3875.55,41.4101,908.066,0.0639435,4.93707,-0.000183189
71,0.0105402,-1.29118,4399.9,-3875.52,42.0945,904.325,0.0630884,4.97649,0.000193471
71,0.0107233,-1.37453,4399.9,-3875.61,43.3883,896.714,0.0617063,4.9117,-0.00051964
71,0.0107563,-1.33892,4399.9,-3875.6,42.3376,902.625,0.0623312,4.95694,0.000355422
71,0.0108623,-1.33946,4399.9,-3875.61,44.072,893.491,0.0616225,4.94383,0.000414237
71,0.0106475,-1.32404,4399.9,-3875.41,42.3042,902.828,0.0627145,4.94077,3.87297e-05
71,0.0106087,-1.35368,4399.9,-3875.51,41.6457,906.147,0.0627946,4.92888,-0.000177005
71,0.0107076,-1.32573,4399.9,-3875.56,42.7233,900.338,0.062062,4.95708,6.9971e-05
71,0.0103171,-1.34559,4399.91,-3875.62,40.798,911.455,0.0638924,4.93585,-0.000118893
71,0.0108561,-1.31049,4399.9,-3875.6,43.4415,896.547,0.0615209,4.95583,0.000142551
71,0.0102873,-1.3555,4399.91,-3875.44,41.0741,909.464,0.0636552,4.92207,-2.76486e-05
71,0.0109093,-1.3384,4399.9,-3875.44,43.4261,896.717,0.0618581,4.94345,0.000244714
71,0.0107937,-1.35091,4399.9,-3875.57,42.9625,899.22,0.0622279,4.92356,-4.38199e-05
71,0.0103821,-1.35044,4399.91,-3875.47,41.1253,909.364,0.0637373,4.93147,5.0939e-05
71,0.0108596,-1.32769,4399.9,-3875.4,43.4679,896.558,0.061735,4.95216,7.6812e-05
71,0.0102396,-1.33151,4399.91,-3875.42,40.708,911.717,0.0642403,4.94603,-0.000115623
71,0.0108665,-1.40615,4399.9,-3875.54,42.6246,901.211,0.062417,4.88294,-0.00102088
71,0.0103595,-1.32842,4399.91,-3875.43,40.8953,910.582,0.063713,4.95529,0.000255528
71,0.0106583,-1.38327,4399.9,-3875.42,42.3016,902.678,0.0622145,4.89649,-0.000342195
71,0.0103773,-1.30368,4399.91,-3875.42,41.6465,906.192,0.0627559,4.97348,0.000738867
71,0.0107124,-1.31903,4399.9,-3875.38,42.5878,901.223,0.0622957,4.9594,0.000432307
71,0.0109304,-1.30099,4399.9,-3875.49,43.4069,897.245,0.0621283,4.9773,0.000399777
71,0.0107635,-1.34624,4399.9,-3875.62,42.7409,900.598,0.0625702,4.94323,0.000904999
71,0.0105024,-1.31326,4399.91,-3875.6,41.5528,906.877,0.063005,4.95643,0.00025518
71,0.0109654,-1.36597,4399.9,-3875.41,43.4867,896.233,0.0616667,4.90969,-0.000597188
71,0.0105042,-1.30658,4399.9,-3875.55,41.7355,905.907,0.0626061,4.96571,-0.000849899
71,0.0109843,-1.34998,4399.89,-3875.58,43.7851,894.491,0.0609896,4.93758,0.00057819
71,0.0103141,-1.31511,4399.9,-3875.39,41.412,907.738,0.0633728,4.96543,0.00029653
71,0.0107926,-1.3337,4399.9,-3875.51,42.7123,900.798,0.0627225,4.93736,0.000171984
